0,1850,19,0.32884375,0.03089301135670684,1.0
1,6,670,0.368,0.05936158656073931,1.0
2,1658,415,0.4029375,0.04127041153206469,1.0
3,1326,15,0.3849375,0.06703175789758983,1.0
4,262,244,0.302375,0.042833532182430134,1.0
5,598,926,0.31859375,0.037754139760400825,1.0
6,1594,828,0.35475,0.040712738664037885,1.0
7,835,347,0.361,0.05843661127356498,1.0
8,300,847,0.28415625,0.029336757323158193,1.0
9,773,264,0.26884375,0.05087562258503519,1.0
10,286,236,0.3180625,0.0483900917357094,1.0
11,45,307,0.4203125,0.07109728412869172,1.0
12,1654,201,0.3555625,0.03453439982052654,1.0
13,256,494,0.3519375,0.06003200606127362,1.0
14,341,520,0.35775,0.05873805045565,1.0
15,264,191,0.33578125,0.056128995978763765,1.0
16,740,164,0.348125,0.058821369147388426,1.0
17,509,146,0.39965625,0.0582981044700774,1.0
18,660,655,0.3951875,0.04593204180841348,1.0
19,1404,542,0.34759375,0.05449643593643629,1.0
20,311,177,0.30996875,0.050024221021654464,1.0
21,1628,458,0.3685,0.05104365558929762,1.0
22,1166,681,0.3333125,0.0519193439673509,1.0
23,1663,193,0.3568125,0.03306947573880488,1.0
24,1166,219,0.3686875,0.053046733494649737,1.0
25,914,0,0.3641875,0.0390293200359112,1.0
26,478,248,0.3540625,0.04652424527489307,1.0
27,1603,139,0.3289375,0.05175444574408433,1.0
28,952,817,0.3530625,0.056185466236234716,1.0
29,216,192,0.3,0.05463396967474159,1.0
30,756,164,0.302625,0.05897693866260527,1.0
31,1396,455,0.375375,0.05261312880054651,1.0
32,943,719,0.33971875,0.0460420687315857,1.0
33,731,707,0.340875,0.06162559113984789,1.0
34,1785,243,0.42315625,0.06291395410142812,1.0
35,1370,683,0.33534375,0.054993202637030704,1.0
36,708,449,0.4195625,0.0638066688239232,1.0
37,10,0,0.42628125,0.04471521800367102,1.0
38,238,11,0.31053125,0.057311458455295165,1.0
39,701,697,0.30875,0.03513654232836842,1.0
40,987,739,0.3598125,0.0596606529683177,1.0
41,449,1,0.4044375,0.048018863628050815,1.0
42,706,204,0.29046875,0.04550977153760981,1.0
43,570,117,0.374,0.059564747349544964,1.0
44,1096,912,0.31309375,0.05232005177739983,1.0
45,871,366,0.33359375,0.05460967098402022,1.0
46,274,862,0.361375,0.05024829015350621,1.0
47,450,902,0.35665625,0.02716660337561484,1.0
48,1594,11,0.3566875,0.05057599672667211,1.0
49,210,692,0.328875,0.050650934385940184,1.0
50,1735,624,0.38425,0.05066557970635529,1.0
51,439,370,0.36284375,0.05030594764941075,1.0
52,1474,82,0.36178125,0.05788940278277995,1.0
53,1163,570,0.29753125,0.060795609227975875,1.0
54,365,444,0.3303125,0.05920209831035357,1.0
55,1179,350,0.31665625,0.03806258715678777,1.0
56,447,663,0.31515625,0.04355669084427723,1.0
57,647,332,0.337625,0.053742276879989004,1.0
58,194,303,0.3205,0.041321137038331734,1.0
59,900,23,0.31575,0.07268316050320422,1.0
60,1411,448,0.35675,0.03597015632487255,1.0
61,1177,677,0.3121875,0.04630749878895724,1.0
62,957,226,0.26671875,0.06247357831675264,1.0
63,1190,458,0.32046875,0.04152299626548521,1.0
64,1180,221,0.39309375,0.049299467462217174,1.0
65,1411,224,0.37325,0.023231454836422468,1.0
66,1639,458,0.37521875,0.04246924122186306,1.0
67,1137,152,0.31675,0.05804275666419499,1.0
68,471,5,0.3900625,0.04764188053171759,1.0
69,960,921,0.35675,0.0450237826604579,1.0
70,1175,924,0.43965625,0.062310819449911,1.0
71,440,820,0.4436875,0.061993317312053556,1.0
72,1117,743,0.32053125,0.05401215703807926,1.0
73,1634,288,0.35740625,0.050035570960938996,1.0
74,1714,681,0.3851875,0.035656900381151754,1.0
75,1817,727,0.35971875,0.05270212102287117,1.0
76,715,714,0.38246875,0.05286661500503127,1.0
77,738,256,0.3593125,0.052528631856186045,1.0
78,1349,173,0.35140625,0.02605739386741408,1.0
79,475,235,0.3505625,0.044718759221421295,1.0
80,939,452,0.33015625,0.06165102241517141,1.0
81,1835,747,0.36684375,0.04960806780461291,1.0
82,43,8,0.40315625,0.0487169096404463,1.0
83,493,231,0.35825,0.044835548973940285,1.0
84,52,925,0.3073125,0.049334339277270184,1.0
85,245,926,0.31653125,0.05388004084437645,1.0
86,1807,463,0.344625,0.04461604302664157,1.0
87,1797,226,0.35371875,0.06669428038466788,1.0
88,461,442,0.35184375,0.03733231289000812,1.0
89,237,206,0.3264375,0.04518870422951747,1.0
90,948,433,0.33821875,0.05090575300396316,1.0
91,504,415,0.3284375,0.050168591261705885,1.0
92,1819,27,0.31075,0.05237905044191013,1.0
93,1702,48,0.33946875,0.048271117535990414,1.0
94,582,121,0.37421875,0.05830569664580289,1.0
95,502,368,0.36465625,0.05190322739748225,1.0
96,214,635,0.38675,0.060098434817610194,1.0
97,723,300,0.335125,0.05233702340820926,1.0
98,432,855,0.381375,0.03685018314404688,1.0
99,830,189,0.33246875,0.05173765993431376,1.0
100,1406,161,0.3604375,0.03797399930869952,1.0
101,1733,746,0.36640625,0.046299635352009275,1.0
102,1844,476,0.360375,0.05204197411755912,1.0
103,1668,618,0.31059375,0.05664363796579276,1.0
104,1008,822,0.3879375,0.05283046979252807,1.0
105,1089,893,0.34796875,0.0550162101650673,1.0
106,1817,475,0.30096875,0.07716305997877733,1.0
107,724,219,0.40825,0.0534037466605121,1.0
108,1657,280,0.3794375,0.04995697887989819,1.0
109,1628,205,0.28796875,0.05300258945532096,1.0
110,680,340,0.2993125,0.0620282384857043,1.0
111,942,425,0.33234375,0.029203388132026616,1.0
112,1154,504,0.3143125,0.047646382714466855,1.0
113,349,78,0.34478125,0.05016871585135996,1.0
114,170,538,0.332625,0.04972056678115574,1.0
115,1493,23,0.3220625,0.049289547985051974,1.0
116,1627,676,0.307375,0.05283332751502046,1.0
117,0,217,0.3090625,0.044309742294868885,1.0
118,717,913,0.35584375,0.07287703377489536,1.0
119,901,714,0.34853125,0.046333074724809305,1.0
120,998,167,0.321125,0.043040121435292934,1.0
121,486,492,0.36115625,0.05517314803613607,1.0
122,944,208,0.3443125,0.04815823212809838,1.0
123,645,189,0.354375,0.06546623161237299,1.0
124,113,875,0.3535,0.03499578401984411,1.0