0,1850,19,0.0,0.04843407934609018,1.0
1,6,670,0.08923076923076922,0.06773248306277439,1.0
2,1658,415,0.045384615384615384,0.04684349593019457,1.0
3,1326,15,0.010769230769230769,0.04793130027389827,1.0
4,262,244,0.20384615384615384,0.03852575583201329,1.0
5,598,926,0.12692307692307692,0.05195638381350081,1.0
6,1594,828,0.0,0.05372864081607889,1.0
7,835,347,0.0,0.0455774152659972,1.0
8,300,847,0.1476923076923077,0.026333155920498313,1.0
9,773,264,0.1123076923076923,0.048210708807473024,1.0
10,286,236,0.10692307692307693,0.06946197119894895,1.0
11,45,307,0.15846153846153846,0.04829406694800822,1.0
12,1654,201,0.15384615384615385,0.06184941767805845,1.0
13,256,494,0.11461538461538462,0.042679924090176014,1.0
14,341,520,0.06461538461538462,0.04055007738994903,1.0
15,264,191,0.14923076923076922,0.041956298402320666,1.0
16,740,164,0.14153846153846153,0.04401464153742736,1.0
17,509,146,0.0823076923076923,0.04948250779643735,1.0
18,660,655,0.10384615384615385,0.04756218811210251,1.0
19,1404,542,0.038461538461538464,0.051750153236070955,1.0
20,311,177,0.09769230769230769,0.04483145729285828,1.0
21,1628,458,0.16230769230769232,0.04244894267763185,1.0
22,1166,681,0.12461538461538461,0.053804023906541605,1.0
23,1663,193,0.10230769230769231,0.05017142766598647,1.0
24,1166,219,0.1176923076923077,0.03538148707936894,1.0
25,914,0,0.13846153846153847,0.04841047434566154,1.0
26,478,248,0.14153846153846153,0.0336580584478026,1.0
27,1603,139,0.15384615384615385,0.04628383381973012,1.0
28,952,817,0.12923076923076923,0.05280118695207304,1.0
29,216,192,0.006923076923076923,0.04983355942076726,1.0
30,756,164,0.0,0.06672588178993828,1.0
31,1396,455,0.1976923076923077,0.0399356406511579,1.0
32,943,719,0.13230769230769232,0.024946931103603954,1.0
33,731,707,0.05076923076923077,0.05885224882231393,1.0
34,1785,243,0.13076923076923078,0.05318174502027565,1.0
35,1370,683,0.13538461538461538,0.050980499574661456,1.0
36,708,449,0.07538461538461538,0.04123886495370102,1.0
37,10,0,0.026923076923076925,0.046721205621072764,1.0
38,238,11,0.012307692307692308,0.031643448778558146,1.0
39,701,697,0.04384615384615385,0.06122305598294568,1.0
40,987,739,0.06,0.057078551816538065,1.0
41,449,1,0.16538461538461538,0.050067082955855644,1.0
42,706,204,0.1946153846153846,0.036696440131827476,1.0
43,570,117,0.17307692307692307,0.04183303940089319,1.0
44,1096,912,0.0,0.03635130875286016,1.0
45,871,366,0.18153846153846154,0.062164939677142754,1.0
46,274,862,0.023846153846153847,0.06240211726225011,1.0
47,450,902,0.0,0.04314282835566197,1.0
48,1594,11,0.11384615384615385,0.06397640093463998,1.0
49,210,692,0.21846153846153846,0.0598634702712144,1.0
50,1735,624,0.021538461538461538,0.05233594028052322,1.0
51,439,370,0.02923076923076923,0.04921850800066795,1.0
52,1474,82,0.0,0.03731564423493505,1.0
53,1163,570,0.06153846153846154,0.0700618430101046,1.0
54,365,444,0.09230769230769231,0.03643289256620228,1.0
55,1179,350,0.14846153846153845,0.04305263990341351,1.0
56,447,663,0.2246153846153846,0.06174428487259378,1.0
57,647,332,0.016153846153846154,0.03791815945896573,1.0
58,194,303,0.0,0.05259614191110017,1.0
59,900,23,0.03,0.03406119177149177,1.0
60,1411,448,0.21,0.04968267626953297,1.0
61,1177,677,0.08692307692307692,0.05904814251756736,1.0
62,957,226,0.13230769230769232,0.06636121662917366,1.0
63,1190,458,0.033846153846153845,0.05625478999360254,1.0
64,1180,221,0.016153846153846154,0.037052730599758985,1.0
65,1411,224,0.07846153846153846,0.049000136511859006,1.0
66,1639,458,0.07538461538461538,0.03711301894336206,1.0
67,1137,152,0.10307692307692308,0.06628958990900186,1.0
68,471,5,0.0,0.05348495031875981,1.0
69,960,921,0.047692307692307694,0.059377877359554423,1.0
70,1175,924,0.0,0.06584741215816374,1.0
71,440,820,0.038461538461538464,0.042059519141929014,1.0
72,1117,743,0.10076923076923076,0.030241508325294177,1.0
73,1634,288,0.07923076923076923,0.04895386496565126,1.0
74,1714,681,0.2653846153846154,0.04421994234121063,1.0
75,1817,727,0.0,0.0523039275997015,1.0
76,715,714,0.09538461538461539,0.06686536961721051,1.0
77,738,256,0.0823076923076923,0.04880296985219358,1.0
78,1349,173,0.06923076923076923,0.0427124091058196,1.0
79,475,235,0.17307692307692307,0.056230033136456525,1.0
80,939,452,0.03307692307692308,0.046310042707856706,1.0
81,1835,747,0.06923076923076923,0.054374544998349594,1.0
82,43,8,0.04461538461538461,0.04099110088442049,1.0
83,493,231,0.07384615384615385,0.06477792293274395,1.0
84,52,925,0.02,0.043002942169220154,1.0
85,245,926,0.05076923076923077,0.048175330428079026,1.0
86,1807,463,0.12692307692307692,0.052160468419197505,1.0
87,1797,226,0.10461538461538461,0.03733940845651214,1.0
88,461,442,0.10846153846153846,0.06172515937534275,1.0
89,237,206,0.11307692307692307,0.048481347211062224,1.0
90,948,433,0.14307692307692307,0.04303977139271727,1.0
91,504,415,0.11461538461538462,0.06021215374805362,1.0
92,1819,27,0.0,0.0649387838692648,1.0
93,1702,48,0.052307692307692305,0.03451773371735804,1.0
94,582,121,0.0,0.05375512579303951,1.0
95,502,368,0.1,0.0488827118300683,1.0
96,214,635,0.10461538461538461,0.06087588164938838,1.0
97,723,300,0.15384615384615385,0.05395965737958851,1.0
98,432,855,0.10153846153846154,0.05443924006354223,1.0
99,830,189,0.04153846153846154,0.06135762469499033,1.0
100,1406,161,0.10692307692307693,0.04562703481521796,1.0
101,1733,746,0.09076923076923077,0.043203774261210526,1.0
102,1844,476,0.03230769230769231,0.04402569002696034,1.0
103,1668,618,0.0,0.05789453265294872,1.0
104,1008,822,0.06230769230769231,0.051695459645970596,1.0
105,1089,893,0.03923076923076923,0.06304047141368212,1.0
106,1817,475,0.0823076923076923,0.06219741484790397,1.0
107,724,219,0.05153846153846154,0.061990179780782036,1.0
108,1657,280,0.18846153846153846,0.04984185153443507,1.0
109,1628,205,0.18846153846153846,0.04732090347150974,1.0
110,680,340,0.0,0.05852719291549595,1.0
111,942,425,0.09769230769230769,0.03554893328548447,1.0
112,1154,504,0.24384615384615385,0.04574257148325722,1.0
113,349,78,0.21923076923076923,0.056328482016965054,1.0
114,170,538,0.15461538461538463,0.055559404291958506,1.0
115,1493,23,0.06461538461538462,0.055042827300080324,1.0
116,1627,676,0.21307692307692308,0.049941615917141496,1.0
117,0,217,0.0,0.04976309644944391,1.0
118,717,913,0.19923076923076924,0.06059383557138982,1.0
119,901,714,0.11615384615384615,0.02977753038745627,1.0
120,998,167,0.12846153846153846,0.05403650998488402,1.0
121,486,492,0.11076923076923077,0.047178587011494785,1.0
122,944,208,0.09615384615384616,0.04551487437286496,1.0
123,645,189,0.18615384615384614,0.021231757940794183,1.0
124,113,875,0.040769230769230766,0.05522738700475739,1.0