0,1850,19,0.0,0.04773779642975634,1.0
1,6,670,0.2303125,0.04507308063398055,1.0
2,1658,415,0.17796875,0.05909329720986689,1.0
3,1326,15,0.04953125,0.05011002336529961,1.0
4,262,244,0.6764375,0.026404659546397674,1.0
5,598,926,0.4323125,0.05610478257057629,1.0
6,1594,828,0.0,0.041694892377474126,1.0
7,835,347,0.0,0.06804211717974692,1.0
8,300,847,0.51278125,0.08865933926561892,1.0
9,773,264,0.296875,0.05148535891753512,1.0
10,286,236,0.30240625,0.0551383099100559,1.0
11,45,307,0.54559375,0.03852326814483001,1.0
12,1654,201,0.422625,0.04109583901288488,1.0
13,256,494,0.35375,0.03342352156095801,1.0
14,341,520,0.20875,0.05661108075256837,1.0
15,264,191,0.48821875,0.05629947578230441,1.0
16,740,164,0.43796875,0.04331769908029427,1.0
17,509,146,0.26671875,0.040463029912115166,1.0
18,660,655,0.3645625,0.04700265319330979,1.0
19,1404,542,0.13309375,0.04881114606920238,1.0
20,311,177,0.25596875,0.048642421855555694,1.0
21,1628,458,0.5148125,0.056526035982674194,1.0
22,1166,681,0.41925,0.0543896226040463,1.0
23,1663,193,0.29940625,0.047588413801339456,1.0
24,1166,219,0.3874375,0.06128691379194722,1.0
25,914,0,0.3715,0.050808245733918095,1.0
26,478,248,0.4448125,0.04951540965788214,1.0
27,1603,139,0.51225,0.04154852359740156,1.0
28,952,817,0.3748125,0.057358038088604235,1.0
29,216,192,0.0303125,0.05049924812683821,1.0
30,756,164,0.0,0.04564527230990527,1.0
31,1396,455,0.6195,0.06028295193447224,1.0
32,943,719,0.4500625,0.047323192874534625,1.0
33,731,707,0.20146875,0.05978382988013207,1.0
34,1785,243,0.4713125,0.03447346448604444,1.0
35,1370,683,0.425375,0.05844516882062005,1.0
36,708,449,0.2305,0.06631891250741266,1.0
37,10,0,0.0599375,0.04043074214815865,1.0
38,238,11,0.056375,0.044712264262446504,1.0
39,701,697,0.1034375,0.04755596815115243,1.0
40,987,739,0.20109375,0.048657782225732235,1.0
41,449,1,0.51909375,0.06389036418388845,1.0
42,706,204,0.60665625,0.04363042721148682,1.0
43,570,117,0.57265625,0.033472977119282085,1.0
44,1096,912,0.0,0.0490730871271369,1.0
45,871,366,0.5499375,0.04169359887533018,1.0
46,274,862,0.06828125,0.031006332950014502,1.0
47,450,902,0.0,0.07388010509765626,1.0
48,1594,11,0.309125,0.06649336600923748,1.0
49,210,692,0.6498125,0.05177893804531108,1.0
50,1735,624,0.047375,0.036581997429577594,1.0
51,439,370,0.11378125,0.047223723703783124,1.0
52,1474,82,0.0,0.0656521768972009,1.0
53,1163,570,0.19996875,0.04879624409495727,1.0
54,365,444,0.28753125,0.07425017027396863,1.0
55,1179,350,0.487625,0.06303434588490868,1.0
56,447,663,0.6716875,0.036412305945030615,1.0
57,647,332,0.07196875,0.05037177974455709,1.0
58,194,303,0.0,0.03504356838757177,1.0
59,900,23,0.08740625,0.050974268526880306,1.0
60,1411,448,0.5943125,0.03899683144954246,1.0
61,1177,677,0.3099375,0.05205874621623915,1.0
62,957,226,0.38228125,0.04417843949708492,1.0
63,1190,458,0.11875,0.0507511612517501,1.0
64,1180,221,0.0855625,0.04854248467206984,1.0
65,1411,224,0.2601875,0.05121349558252944,1.0
66,1639,458,0.159375,0.0548569940494278,1.0
67,1137,152,0.299375,0.05969577562244151,1.0
68,471,5,0.0,0.040502056076737014,1.0
69,960,921,0.20346875,0.05090283789826795,1.0
70,1175,924,0.0,0.040371929320445345,1.0
71,440,820,0.136375,0.05542348049590281,1.0
72,1117,743,0.26484375,0.048576898719475646,1.0
73,1634,288,0.2963125,0.052015994315194644,1.0
74,1714,681,0.79909375,0.048242516338744386,1.0
75,1817,727,0.0,0.03921351903514195,1.0
76,715,714,0.36596875,0.04831294722824896,1.0
77,738,256,0.269875,0.04408258274519701,1.0
78,1349,173,0.254125,0.04698938133536015,1.0
79,475,235,0.46265625,0.04537450461658631,1.0
80,939,452,0.13075,0.05870967104797576,1.0
81,1835,747,0.15559375,0.05317119073387946,1.0
82,43,8,0.12325,0.03966353183442762,1.0
83,493,231,0.272125,0.06841073667528869,1.0
84,52,925,0.090375,0.06275772074327694,1.0
85,245,926,0.18290625,0.0724935749724893,1.0
86,1807,463,0.3074375,0.042661227079933514,1.0
87,1797,226,0.41871875,0.03855753106293351,1.0
88,461,442,0.3235,0.04511995186832666,1.0
89,237,206,0.3823125,0.06442623801570481,1.0
90,948,433,0.358625,0.0341148690610345,1.0
91,504,415,0.40015625,0.04420489061949978,1.0
92,1819,27,0.0,0.06021446544728938,1.0
93,1702,48,0.21896875,0.040506312202799155,1.0
94,582,121,0.0,0.050290050691863486,1.0
95,502,368,0.2676875,0.05282295404435611,1.0
96,214,635,0.35575,0.04426668544298844,1.0
97,723,300,0.5458125,0.050902281324904604,1.0
98,432,855,0.2695,0.03433510313533613,1.0
99,830,189,0.16428125,0.04777922590134063,1.0
100,1406,161,0.32465625,0.04075919216031045,1.0
101,1733,746,0.3938125,0.04380540356086382,1.0
102,1844,476,0.1439375,0.052523928996395186,1.0
103,1668,618,0.0,0.058621423910713205,1.0
104,1008,822,0.23053125,0.04742726374818489,1.0
105,1089,893,0.1646875,0.04471082331525623,1.0
106,1817,475,0.25596875,0.06723056815858097,1.0
107,724,219,0.12509375,0.05027313432022994,1.0
108,1657,280,0.6181875,0.05222989972127101,1.0
109,1628,205,0.56609375,0.04386244542018663,1.0
110,680,340,0.0,0.05719833137756852,1.0
111,942,425,0.342625,0.060287351801324114,1.0
112,1154,504,0.77178125,0.04315846772253946,1.0
113,349,78,0.65240625,0.039401282429088025,1.0
114,170,538,0.47375,0.036456428968357595,1.0
115,1493,23,0.17875,0.04424006065546876,1.0
116,1627,676,0.609625,0.043945575492918186,1.0
117,0,217,0.0,0.04520535123960016,1.0
118,717,913,0.5568125,0.03926089384611693,1.0
119,901,714,0.336125,0.04692420974053842,1.0
120,998,167,0.455625,0.0478033714913138,1.0
121,486,492,0.40021875,0.05842298502131821,1.0
122,944,208,0.38690625,0.03927083279178624,1.0
123,645,189,0.5954375,0.06074609998315691,1.0
124,113,875,0.076125,0.0555315245800016,1.0