0,1850,19,0.35075,0.05176593822762835,1.0
1,6,670,0.366125,0.050919325816403856,1.0
2,1658,415,0.3346875,0.06147484947755521,1.0
3,1326,15,0.39071875,0.03661143553434429,1.0
4,262,244,0.324375,0.050957661003521025,1.0
5,598,926,0.337125,0.057723349005745,1.0
6,1594,828,0.3504375,0.06310749782369117,1.0
7,835,347,0.31340625,0.05855556044579265,1.0
8,300,847,0.33434375,0.035665490254828514,1.0
9,773,264,0.32746875,0.05865181959196415,1.0
10,286,236,0.3966875,0.054408389257052964,1.0
11,45,307,0.3316875,0.046775336600810666,1.0
12,1654,201,0.35309375,0.05537922651108356,1.0
13,256,494,0.32721875,0.034451459699587406,1.0
14,341,520,0.3101875,0.027313411118042103,1.0
15,264,191,0.3648125,0.04136890616680578,1.0
16,740,164,0.374625,0.04759390128355028,1.0
17,509,146,0.389625,0.04887610597349419,1.0
18,660,655,0.33646875,0.03956852492592906,1.0
19,1404,542,0.30075,0.050051733856183556,1.0
20,311,177,0.28265625,0.04117813541052127,1.0
21,1628,458,0.39528125,0.044429909395919974,1.0
22,1166,681,0.32959375,0.05006253990516075,1.0
23,1663,193,0.37440625,0.05363480036812496,1.0
24,1166,219,0.2878125,0.04104777731406593,1.0
25,914,0,0.29740625,0.055719739370788696,1.0
26,478,248,0.3789375,0.035004136787907265,1.0
27,1603,139,0.393625,0.04430799682723438,1.0
28,952,817,0.4344375,0.05347318885693802,1.0
29,216,192,0.3386875,0.05968683436081967,1.0
30,756,164,0.34040625,0.034060781861808415,1.0
31,1396,455,0.35721875,0.05133394416750992,1.0
32,943,719,0.33215625,0.04902496289284764,1.0
33,731,707,0.36934375,0.038349263106319614,1.0
34,1785,243,0.2981875,0.04050599524370958,1.0
35,1370,683,0.3475,0.06174377436469557,1.0
36,708,449,0.3396875,0.048896115713158744,1.0
37,10,0,0.33653125,0.06447334388543194,1.0
38,238,11,0.3174375,0.06526615615920318,1.0
39,701,697,0.371375,0.04373857015660383,1.0
40,987,739,0.367625,0.04344113279977359,1.0
41,449,1,0.3280625,0.0648792302032577,1.0
42,706,204,0.26990625,0.05459125706924695,1.0
43,570,117,0.4129375,0.052891474164045285,1.0
44,1096,912,0.32325,0.04512138396994437,1.0
45,871,366,0.34565625,0.04396353105221749,1.0
46,274,862,0.3498125,0.07711151753964528,1.0
47,450,902,0.36253125,0.05572884550765559,1.0
48,1594,11,0.39090625,0.06274580181019565,1.0
49,210,692,0.41928125,0.06851535415313763,1.0
50,1735,624,0.30946875,0.06293943809541541,1.0
51,439,370,0.35915625,0.058276046478244865,1.0
52,1474,82,0.36128125,0.05196804402172326,1.0
53,1163,570,0.34853125,0.039631229614421525,1.0
54,365,444,0.29334375,0.0335029016737802,1.0
55,1179,350,0.3463125,0.04419659601793891,1.0
56,447,663,0.30965625,0.05179873291445752,1.0
57,647,332,0.3179375,0.04243778429601247,1.0
58,194,303,0.343375,0.044736576117213385,1.0
59,900,23,0.31471875,0.03967942772607568,1.0
60,1411,448,0.2961875,0.05001104630153435,1.0
61,1177,677,0.39659375,0.04048261106417184,1.0
62,957,226,0.275625,0.05293300364513183,1.0
63,1190,458,0.369125,0.06316534451780431,1.0
64,1180,221,0.41046875,0.050185517649614896,1.0
65,1411,224,0.4281875,0.07603468696561186,1.0
66,1639,458,0.29128125,0.04725514849355313,1.0
67,1137,152,0.35765625,0.07858599254132248,1.0
68,471,5,0.370875,0.049003009060726764,1.0
69,960,921,0.403625,0.05880784871704488,1.0
70,1175,924,0.312,0.040403062833244706,1.0
71,440,820,0.36759375,0.04491514215568402,1.0
72,1117,743,0.3579375,0.043968812110296115,1.0
73,1634,288,0.36178125,0.042940390360121795,1.0
74,1714,681,0.3204375,0.058937530911509356,1.0
75,1817,727,0.304125,0.05760894166021279,1.0
76,715,714,0.3883125,0.060790488851189685,1.0
77,738,256,0.36146875,0.04494683821299724,1.0
78,1349,173,0.3618125,0.042902403548749656,1.0
79,475,235,0.33465625,0.06108125943666552,1.0
80,939,452,0.372625,0.04319343133447055,1.0
81,1835,747,0.30590625,0.053805718772751525,1.0
82,43,8,0.29934375,0.04760698439176798,1.0
83,493,231,0.33353125,0.03923943752388267,1.0
84,52,925,0.358375,0.06558529875673991,1.0
85,245,926,0.3410625,0.06053253142353805,1.0
86,1807,463,0.317625,0.04218426351463292,1.0
87,1797,226,0.34290625,0.05101496258360997,1.0
88,461,442,0.3280625,0.06332236824592152,1.0
89,237,206,0.38465625,0.06216678425838936,1.0
90,948,433,0.39353125,0.05677734275402203,1.0
91,504,415,0.3729375,0.03873609653144284,1.0
92,1819,27,0.4136875,0.06283931039365936,1.0
93,1702,48,0.31621875,0.05844585343312366,1.0
94,582,121,0.3865,0.05757423645072554,1.0
95,502,368,0.29790625,0.05513383438915394,1.0
96,214,635,0.33778125,0.05782563152366918,1.0
97,723,300,0.31815625,0.05742011296144754,1.0
98,432,855,0.32903125,0.046753413857242875,1.0
99,830,189,0.4226875,0.051949591997180945,1.0
100,1406,161,0.349125,0.0416177469626531,1.0
101,1733,746,0.31690625,0.06260554970613809,1.0
102,1844,476,0.3371875,0.04706379110464589,1.0
103,1668,618,0.319625,0.041902688095025446,1.0
104,1008,822,0.3994375,0.05813631626110835,1.0
105,1089,893,0.36025,0.058013888499561767,1.0
106,1817,475,0.38865625,0.042555570377973376,1.0
107,724,219,0.31671875,0.03917482293184968,1.0
108,1657,280,0.38771875,0.04915755000814688,1.0
109,1628,205,0.45871875,0.05481868331728685,1.0
110,680,340,0.3215,0.057413885075369035,1.0
111,942,425,0.347,0.04372716544926796,1.0
112,1154,504,0.372875,0.04451517109249271,1.0
113,349,78,0.3894375,0.05158144318714249,1.0
114,170,538,0.35596875,0.05544144271062242,1.0
115,1493,23,0.35815625,0.048773802666626224,1.0
116,1627,676,0.30396875,0.054824822031595825,1.0
117,0,217,0.3475625,0.046424547467208796,1.0
118,717,913,0.34015625,0.057649806351872876,1.0
119,901,714,0.35559375,0.03623769698477698,1.0
120,998,167,0.37259375,0.04961883834998362,1.0
121,486,492,0.3103125,0.04918007360539225,1.0
122,944,208,0.2965,0.04345593734219603,1.0
123,645,189,0.33678125,0.06445404161008039,1.0
124,113,875,0.3940625,0.03018130909082228,1.0