0,1850,19,0.06923076923076923,0.16763905350380648,1.0
1,6,670,0.07,0.06977662558051648,1.0
2,1658,415,0.07230769230769231,0.032392732069834104,1.0
3,1326,15,0.06538461538461539,0.09439284509601481,1.0
4,262,244,0.05846153846153846,0.15441938898040905,1.0
5,598,926,0.06538461538461539,0.04579952260644002,1.0
6,1594,828,0.08538461538461538,0.13374295185485904,1.0
7,835,347,0.07538461538461538,0.09237354501736207,1.0
8,300,847,0.06692307692307692,0.0868338230141481,1.0
9,773,264,0.06923076923076923,0.024868072737060376,1.0
10,286,236,0.06307692307692307,0.12090044661972499,1.0
11,45,307,0.08692307692307692,0.1517011911107471,1.0
12,1654,201,0.07538461538461538,0.07754241970586692,1.0
13,256,494,0.06615384615384616,0.09025403197009227,1.0
14,341,520,0.09307692307692307,0.1043386180402718,1.0
15,264,191,0.07692307692307693,0.15631375272920034,1.0
16,740,164,0.06153846153846154,0.07159611579995098,1.0
17,509,146,0.08692307692307692,0.1441882945152654,1.0
18,660,655,0.07384615384615385,0.050758487696290086,1.0
19,1404,542,0.07615384615384616,-0.0028211769569765066,1.0
20,311,177,0.06923076923076923,0.06328263164977396,1.0
21,1628,458,0.06923076923076923,0.10451848961120296,1.0
22,1166,681,0.06615384615384616,0.06824608998552356,1.0
23,1663,193,0.07230769230769231,0.17202125754105213,1.0
24,1166,219,0.08153846153846153,0.12071492048820846,1.0
25,914,0,0.08076923076923077,0.022448150754586754,1.0
26,478,248,0.06076923076923077,0.028876888876021814,1.0
27,1603,139,0.07846153846153846,0.1327723438820846,1.0
28,952,817,0.05615384615384615,0.15770612958486258,1.0
29,216,192,0.06846153846153846,0.10102989885466677,1.0
30,756,164,0.06,0.1305910224492951,1.0
31,1396,455,0.06769230769230769,0.01806320994778858,1.0
32,943,719,0.06461538461538462,0.0582009794439472,1.0
33,731,707,0.06,0.1256631670127621,1.0
34,1785,243,0.06923076923076923,0.11245181186406476,1.0
35,1370,683,0.06,0.17399759251579683,1.0
36,708,449,0.06307692307692307,0.0783426527712815,1.0
37,10,0,0.06230769230769231,0.08185249719057824,1.0
38,238,11,0.07153846153846154,0.07656245089076744,1.0
39,701,697,0.06923076923076923,0.16842601275244423,1.0
40,987,739,0.07692307692307693,0.13421875525952415,1.0
41,449,1,0.06692307692307692,0.07287015600845954,1.0
42,706,204,0.07461538461538461,0.04394355404504883,1.0
43,570,117,0.06384615384615384,0.11670652986447656,1.0
44,1096,912,0.06769230769230769,0.06537685715733227,1.0
45,871,366,0.06923076923076923,0.21732006109865312,1.0
46,274,862,0.08076923076923077,0.1427925153160173,1.0
47,450,902,0.057692307692307696,0.07428207912979917,1.0
48,1594,11,0.07538461538461538,0.07564761240372855,1.0
49,210,692,0.06692307692307692,0.10298817053643805,1.0
50,1735,624,0.06769230769230769,0.1379744203291023,1.0
51,439,370,0.07538461538461538,0.2851220122055621,1.0
52,1474,82,0.08,0.12781032124392658,1.0
53,1163,570,0.08384615384615385,0.17058926990340467,1.0
54,365,444,0.06538461538461539,0.1410193436376386,1.0
55,1179,350,0.06,0.13745903170586804,1.0
56,447,663,0.057692307692307696,0.04021768236301775,1.0
57,647,332,0.06769230769230769,0.009570376302710945,1.0
58,194,303,0.06769230769230769,0.12229895666605083,1.0
59,900,23,0.06538461538461539,0.005608446164523023,1.0
60,1411,448,0.06307692307692307,-0.019059510207935657,1.0
61,1177,677,0.05923076923076923,0.013689646577517062,1.0
62,957,226,0.07,0.07175229148732735,1.0
63,1190,458,0.07692307692307693,0.08256161039532918,1.0
64,1180,221,0.07076923076923076,0.0027883764227696756,1.0
65,1411,224,0.06384615384615384,0.03669455285963395,1.0
66,1639,458,0.07384615384615385,0.14895824543060604,1.0
67,1137,152,0.07846153846153846,0.15805867793767908,1.0
68,471,5,0.06538461538461539,0.07410002402161112,1.0
69,960,921,0.06230769230769231,0.0870675081093917,1.0
70,1175,924,0.057692307692307696,0.07728898248383678,1.0
71,440,820,0.06769230769230769,0.12835984837426537,1.0
72,1117,743,0.07615384615384616,0.04009467413077669,1.0
73,1634,288,0.07538461538461538,0.04071972272724005,1.0
74,1714,681,0.06923076923076923,0.10706337385606843,1.0
75,1817,727,0.05692307692307692,0.11897599350786288,1.0
76,715,714,0.07307692307692308,0.10377937791372778,1.0
77,738,256,0.07846153846153846,0.06937501458935666,1.0
78,1349,173,0.06846153846153846,0.09165361857147546,1.0
79,475,235,0.07384615384615385,0.06477694193861253,1.0
80,939,452,0.06461538461538462,0.054743339321412746,1.0
81,1835,747,0.08307692307692308,0.05682949306551752,1.0
82,43,8,0.06153846153846154,0.03647535650606598,1.0
83,493,231,0.057692307692307696,0.06405806808257969,1.0
84,52,925,0.06923076923076923,-0.0018977950921993808,1.0
85,245,926,0.06615384615384616,0.016336529767371863,1.0
86,1807,463,0.07230769230769231,0.004820687258249093,1.0
87,1797,226,0.07153846153846154,0.13441640912159986,1.0
88,461,442,0.06923076923076923,0.13976478429842631,1.0
89,237,206,0.06615384615384616,0.04213242332217796,1.0
90,948,433,0.06153846153846154,0.09675394076174886,1.0
91,504,415,0.06153846153846154,0.0634470734547084,1.0
92,1819,27,0.07,0.031190249912310147,1.0
93,1702,48,0.06,0.10166757780679091,1.0
94,582,121,0.06846153846153846,0.061614202741515314,1.0
95,502,368,0.06769230769230769,0.1263462391799084,1.0
96,214,635,0.07076923076923076,0.19519121806642298,1.0
97,723,300,0.07,0.1594319283066099,1.0
98,432,855,0.07384615384615385,0.04436591440807176,1.0
99,830,189,0.06769230769230769,0.11552040016416101,1.0
100,1406,161,0.06,0.1266933711770734,1.0
101,1733,746,0.06384615384615384,0.14495790691256613,1.0
102,1844,476,0.07846153846153846,0.08931962444812325,1.0
103,1668,618,0.07615384615384616,0.07280987786836143,1.0
104,1008,822,0.07076923076923076,0.18952828456799037,1.0
105,1089,893,0.08307692307692308,0.0478162029711169,1.0
106,1817,475,0.07076923076923076,0.11670615094941042,1.0
107,724,219,0.05923076923076923,0.011766708102994683,1.0
108,1657,280,0.07538461538461538,0.13815870638416797,1.0
109,1628,205,0.06692307692307692,0.13191468561371644,1.0
110,680,340,0.06846153846153846,0.07484531252069515,1.0
111,942,425,0.06307692307692307,0.035718765496025956,1.0
112,1154,504,0.07,0.09942582235017626,1.0
113,349,78,0.06307692307692307,0.10021312694227257,1.0
114,170,538,0.06692307692307692,0.06309182027136478,1.0
115,1493,23,0.07,0.2506004973638839,1.0
116,1627,676,0.06692307692307692,0.0521935154002865,1.0
117,0,217,0.06846153846153846,0.11854192233728114,1.0
118,717,913,0.08153846153846153,-0.020266732083879413,1.0
119,901,714,0.07307692307692308,0.10702937312474443,1.0
120,998,167,0.07076923076923076,0.0930839441164395,1.0
121,486,492,0.06615384615384616,0.030705475563521448,1.0
122,944,208,0.07307692307692308,0.14434227508538033,1.0
123,645,189,0.07153846153846154,0.06397836928091413,1.0
124,113,875,0.07384615384615385,0.13077587696723292,1.0