0,1850,19,0.1501875,0.09646276868874515,1.0
1,6,670,0.27665625,0.13840488385726776,1.0
2,1658,415,0.45025,0.001659456703888021,1.0
3,1326,15,0.1594375,0.14636933336069977,1.0
4,262,244,0.5954375,0.06424113324527686,1.0
5,598,926,0.406125,0.17701914596337093,1.0
6,1594,828,0.2300625,0.12593492539709325,1.0
7,835,347,0.3273125,0.12849838832515975,1.0
8,300,847,0.47471875,0.12783370487968493,1.0
9,773,264,0.33246875,0.030136906745506592,1.0
10,286,236,0.32571875,0.03877884995203327,1.0
11,45,307,0.21684375,0.17538538929399053,1.0
12,1654,201,0.3350625,0.05396093651838549,1.0
13,256,494,0.36840625,0.10826843491292172,1.0
14,341,520,0.110125,0.13183200380340693,1.0
15,264,191,0.39815625,0.1299210398888496,1.0
16,740,164,0.28878125,0.07196651348133955,1.0
17,509,146,0.31121875,0.10926930603591706,1.0
18,660,655,0.2659375,0.10680774006420504,1.0
19,1404,542,0.51559375,0.0979080365198045,1.0
20,311,177,0.44440625,0.04442854515236455,1.0
21,1628,458,0.6710625,0.09262535036292308,1.0
22,1166,681,0.41878125,0.06252587416918157,1.0
23,1663,193,0.3743125,0.04829614448098141,1.0
24,1166,219,0.1695625,0.08711932775088553,1.0
25,914,0,0.25509375,0.144418466844435,1.0
26,478,248,0.1376875,0.04155418361688973,1.0
27,1603,139,0.39871875,0.11706242212007216,1.0
28,952,817,0.713625,0.04187170778534474,1.0
29,216,192,0.0615,0.23032601277286094,1.0
30,756,164,0.2575,0.1221810451735681,1.0
31,1396,455,0.5761875,0.07168889469096969,1.0
32,943,719,0.31884375,0.22056362891701115,1.0
33,731,707,0.2521875,0.08330635598081355,1.0
34,1785,243,0.35371875,0.04684947281164486,1.0
35,1370,683,0.0805625,0.1615800437711674,1.0
36,708,449,0.435375,0.11503117529006293,1.0
37,10,0,0.0,0.13402836513982916,1.0
38,238,11,0.44928125,0.09210967606192522,1.0
39,701,697,0.47928125,0.06602362757144525,1.0
40,987,739,0.28303125,0.0449888582252231,1.0
41,449,1,0.41403125,0.05856918664763482,1.0
42,706,204,0.52146875,0.06809763036092178,1.0
43,570,117,0.379875,0.12561398728211443,1.0
44,1096,912,0.27775,0.10733624340237977,1.0
45,871,366,0.4588125,0.07123597326031428,1.0
46,274,862,0.45103125,0.07034089497533509,1.0
47,450,902,0.283125,0.11647925307042667,1.0
48,1594,11,0.1689375,0.1048438664424174,1.0
49,210,692,0.716625,0.07511923265452888,1.0
50,1735,624,0.33278125,0.10223089747922748,1.0
51,439,370,0.84415625,0.05155911845702755,1.0
52,1474,82,0.2943125,-0.0011961452756727164,1.0
53,1163,570,0.11871875,0.12680862125517062,1.0
54,365,444,0.495,0.037550447220912844,1.0
55,1179,350,0.50821875,0.023611422232188484,1.0
56,447,663,0.26759375,0.1427097875563676,1.0
57,647,332,0.4404375,0.11988927044850231,1.0
58,194,303,0.36346875,0.16514807543387686,1.0
59,900,23,0.2315625,0.04992369586363922,1.0
60,1411,448,0.50909375,-0.019719812934598596,1.0
61,1177,677,0.1628125,0.13893053297921465,1.0
62,957,226,0.3955625,0.0926958176002595,1.0
63,1190,458,0.354875,0.17357443034653466,1.0
64,1180,221,0.457875,0.17114363604589233,1.0
65,1411,224,0.497,0.1287547112148752,1.0
66,1639,458,0.29790625,0.13964651188823107,1.0
67,1137,152,0.14465625,0.03949061930725557,1.0
68,471,5,0.0,0.08075705834692257,1.0
69,960,921,0.20615625,0.1889532486697346,1.0
70,1175,924,0.0,0.17837975122531424,1.0
71,440,820,0.41265625,0.06040755872985461,1.0
72,1117,743,0.5016875,0.09499892919229296,1.0
73,1634,288,0.0,0.10401521751668248,1.0
74,1714,681,0.28275,0.1047207102331912,1.0
75,1817,727,0.2881875,0.11349059133646837,1.0
76,715,714,0.4965625,0.13533025472848959,1.0
77,738,256,0.2079375,0.019044798062182622,1.0
78,1349,173,0.3960625,0.06268905470118893,1.0
79,475,235,0.40871875,0.06192013143325659,1.0
80,939,452,0.33709375,0.06896320045915685,1.0
81,1835,747,0.0,0.08120230768216355,1.0
82,43,8,0.33809375,0.06922278089068526,1.0
83,493,231,0.6395,0.08156857605366946,1.0
84,52,925,0.0,0.1640698566697518,1.0
85,245,926,0.4170625,0.10985425567113272,1.0
86,1807,463,0.39403125,0.0460585854446747,1.0
87,1797,226,0.3366875,0.12734956747030649,1.0
88,461,442,0.253375,0.07104801716545317,1.0
89,237,206,0.3128125,0.10489088651451897,1.0
90,948,433,0.24909375,0.07056896752596861,1.0
91,504,415,0.09509375,0.10410814251805565,1.0
92,1819,27,0.0,0.09863779582023872,1.0
93,1702,48,0.4923125,0.09601326354885892,1.0
94,582,121,0.37428125,0.11451364083182886,1.0
95,502,368,0.24796875,0.09057729951136473,1.0
96,214,635,0.44184375,0.09134424062801705,1.0
97,723,300,0.193875,0.11404912273220201,1.0
98,432,855,0.415375,0.0712097639467354,1.0
99,830,189,0.192375,0.09369609211085811,1.0
100,1406,161,0.3823125,0.1345099097725534,1.0
101,1733,746,0.5999375,0.09339785991374579,1.0
102,1844,476,0.0,0.12498614056689644,1.0
103,1668,618,0.04759375,0.09993903333021621,1.0
104,1008,822,0.27328125,0.10124398047020504,1.0
105,1089,893,0.28665625,0.13842743643376798,1.0
106,1817,475,0.0625,0.13053012469628225,1.0
107,724,219,0.33353125,0.11791441891101875,1.0
108,1657,280,0.5295,0.0928427280574752,1.0
109,1628,205,0.49334375,0.1638713649697593,1.0
110,680,340,0.0,0.16992669553926953,1.0
111,942,425,0.48515625,0.14242958106855264,1.0
112,1154,504,0.37453125,0.07453763553672815,1.0
113,349,78,0.28365625,0.03525891310508371,1.0
114,170,538,0.332125,0.11030799287534414,1.0
115,1493,23,0.10359375,0.0430171874349788,1.0
116,1627,676,0.48503125,0.09328174715716976,1.0
117,0,217,0.30609375,0.16843426074911605,1.0
118,717,913,0.0,0.16128504006905015,1.0
119,901,714,0.2649375,0.12760217928792678,1.0
120,998,167,0.37996875,0.16797783228251,1.0
121,486,492,0.4598125,0.1097699103817824,1.0
122,944,208,0.23896875,0.05709133687680758,1.0
123,645,189,0.1888125,0.10571783788076695,1.0
124,113,875,0.0,0.12861933689276475,1.0