0,1850,19,0.15865625,0.09399399428149872,1.0
1,6,670,0.19459375,0.0993463514380705,1.0
2,1658,415,0.407,0.09408557121501195,1.0
3,1326,15,0.1345,0.15610462651428558,1.0
4,262,244,0.55803125,0.12813506811092318,1.0
5,598,926,0.2989375,0.06829631991761678,1.0
6,1594,828,0.29884375,0.11934474935609976,1.0
7,835,347,0.0971875,0.14479419117396244,1.0
8,300,847,0.14425,0.09446846280457355,1.0
9,773,264,0.34171875,0.18053724046928976,1.0
10,286,236,0.2883125,0.17658513316828367,1.0
11,45,307,0.29809375,0.08677252134326172,1.0
12,1654,201,0.2298125,0.12161269572932358,1.0
13,256,494,0.767,0.059867167233110447,1.0
14,341,520,0.05390625,0.17239511724895032,1.0
15,264,191,0.43415625,0.10167675060803859,1.0
16,740,164,0.1095,0.043446526985762235,1.0
17,509,146,0.36934375,0.038716294692864556,1.0
18,660,655,0.59490625,0.01664268917458854,1.0
19,1404,542,0.3346875,0.07304620378297043,1.0
20,311,177,0.2596875,0.1260714354363318,1.0
21,1628,458,0.4,0.17364188979435397,1.0
22,1166,681,0.35278125,0.12225275328621836,1.0
23,1663,193,0.0,0.19818917501460506,1.0
24,1166,219,0.3426875,0.10059824084442988,1.0
25,914,0,0.06621875,0.09994789889364727,1.0
26,478,248,0.09365625,0.15159142126130667,1.0
27,1603,139,0.43221875,0.12720979005715594,1.0
28,952,817,0.11865625,0.11659513961770364,1.0
29,216,192,0.38515625,0.15243649847513915,1.0
30,756,164,0.4230625,0.1357544384920797,1.0
31,1396,455,0.5728125,0.055307819258317514,1.0
32,943,719,0.3350625,0.14280623062454784,1.0
33,731,707,0.746625,0.034614629185695425,1.0
34,1785,243,0.2965,0.12213863417502845,1.0
35,1370,683,0.2430625,0.15040090423743652,1.0
36,708,449,0.4218125,0.08547182044961837,1.0
37,10,0,0.1670625,0.19101646402695846,1.0
38,238,11,0.44528125,0.09525233611351669,1.0
39,701,697,0.1543125,0.0933994611264477,1.0
40,987,739,0.188125,0.17197227702408865,1.0
41,449,1,0.0,0.20632715932303147,1.0
42,706,204,0.415125,-0.03311498790804496,1.0
43,570,117,0.19534375,0.09566415522822598,1.0
44,1096,912,0.37265625,0.11286324754204624,1.0
45,871,366,0.373125,0.08155474132033547,1.0
46,274,862,0.3634375,0.13757587609158659,1.0
47,450,902,0.41878125,0.14535825014522943,1.0
48,1594,11,0.26015625,0.01605691055092176,1.0
49,210,692,0.4880625,0.03401211943703282,1.0
50,1735,624,0.77653125,0.07257445609615448,1.0
51,439,370,0.45609375,0.09998260290023529,1.0
52,1474,82,0.37259375,0.05483089145920806,1.0
53,1163,570,0.0,0.2123377278283491,1.0
54,365,444,0.431125,0.05226110820659171,1.0
55,1179,350,0.1309375,0.11112769230829048,1.0
56,447,663,0.4421875,0.13128173949013622,1.0
57,647,332,0.3860625,0.0901259294537584,1.0
58,194,303,0.203625,0.08370833622613416,1.0
59,900,23,0.174625,0.11733961867072938,1.0
60,1411,448,0.370375,0.08118247570877839,1.0
61,1177,677,0.35284375,0.08835436772304862,1.0
62,957,226,0.28659375,0.11835477835920034,1.0
63,1190,458,0.4275625,0.09568986867507848,1.0
64,1180,221,0.1965625,0.07631366142662908,1.0
65,1411,224,0.45325,0.1073301102207403,1.0
66,1639,458,0.0,0.17848772621505074,1.0
67,1137,152,0.50125,0.08212901858129174,1.0
68,471,5,0.39725,0.09876889546116918,1.0
69,960,921,0.32590625,0.07997953440302798,1.0
70,1175,924,0.08615625,0.1780100736749316,1.0
71,440,820,0.32528125,0.12123640847896978,1.0
72,1117,743,0.39196875,0.10646531800490365,1.0
73,1634,288,0.5945,0.05161861933790708,1.0
74,1714,681,0.39890625,0.11356122104033765,1.0
75,1817,727,0.281625,0.15866520073914547,1.0
76,715,714,0.13175,0.07828008714553182,1.0
77,738,256,0.66475,0.08683272974152499,1.0
78,1349,173,0.3463125,0.05422496452555343,1.0
79,475,235,0.5876875,0.09507020724722612,1.0
80,939,452,0.450875,0.03675127992910425,1.0
81,1835,747,0.0,0.18941430480400093,1.0
82,43,8,0.0,0.1087126136789789,1.0
83,493,231,0.22021875,0.040313201947083904,1.0
84,52,925,0.22978125,0.0386142510396479,1.0
85,245,926,0.04465625,0.16169012372914052,1.0
86,1807,463,0.23146875,0.1417717940906764,1.0
87,1797,226,0.2859375,0.08153860750256411,1.0
88,461,442,0.23415625,0.12542413349154707,1.0
89,237,206,0.28640625,0.17272307549294752,1.0
90,948,433,0.29525,0.10214258677911366,1.0
91,504,415,0.4208125,0.010974066457718479,1.0
92,1819,27,0.178875,0.1262754629174776,1.0
93,1702,48,0.29696875,0.05762243446323439,1.0
94,582,121,0.20671875,0.07837599075629614,1.0
95,502,368,0.63440625,0.08615278806157786,1.0
96,214,635,0.33984375,0.20755601003540194,1.0
97,723,300,0.68846875,0.05977068334375515,1.0
98,432,855,0.0305,0.059453515727848086,1.0
99,830,189,0.339,0.11006633378662083,1.0
100,1406,161,0.35990625,0.09647961267835096,1.0
101,1733,746,0.415,0.0875793527091221,1.0
102,1844,476,0.0,0.16447056967991056,1.0
103,1668,618,0.59565625,0.035748534038049756,1.0
104,1008,822,0.3405625,0.07764630237034137,1.0
105,1089,893,0.14209375,0.052241070866378414,1.0
106,1817,475,0.51946875,0.1141358703486783,1.0
107,724,219,0.248125,0.0757757089038487,1.0
108,1657,280,0.4530625,0.019873148859767584,1.0
109,1628,205,0.436,0.11958021108229527,1.0
110,680,340,0.16271875,0.10182126174777625,1.0
111,942,425,0.33778125,0.1467470283484611,1.0
112,1154,504,0.33434375,0.05657582618476922,1.0
113,349,78,0.4154375,0.05729368042881211,1.0
114,170,538,0.3268125,0.10676158975280463,1.0
115,1493,23,0.30128125,0.12718177186730378,1.0
116,1627,676,0.10228125,0.0694727617919601,1.0
117,0,217,0.41859375,0.12416705670998908,1.0
118,717,913,0.08734375,0.12078601621047082,1.0
119,901,714,0.4951875,0.04211072285580736,1.0
120,998,167,0.1764375,0.17077240591823156,1.0
121,486,492,0.22840625,0.12006772508718051,1.0
122,944,208,0.3594375,0.05443519979183396,1.0
123,645,189,0.284,0.12955618599098145,1.0
124,113,875,0.62528125,0.019378312014552035,1.0