0,1850,19,0.0,0.05668930389362265,1.0
1,6,670,0.17121875,0.05036575221612868,1.0
2,1658,415,0.23646875,0.04221315398726916,1.0
3,1326,15,0.0,0.053447426703541925,1.0
4,262,244,0.1749375,0.05819565469084885,1.0
5,598,926,0.28678125,0.04146754211421557,1.0
6,1594,828,0.092875,0.046058580756652916,1.0
7,835,347,0.27096875,0.06339783363687035,1.0
8,300,847,0.059125,0.05188514445227386,1.0
9,773,264,0.6041875,0.03199911429049465,1.0
10,286,236,0.0,0.062464930976031174,1.0
11,45,307,0.0,0.05303673960221998,1.0
12,1654,201,0.18509375,0.036684271602832316,1.0
13,256,494,0.3899375,0.060051000209008255,1.0
14,341,520,0.14159375,0.05127993677830661,1.0
15,264,191,0.339875,0.04786060865718263,1.0
16,740,164,0.20859375,0.05751971028624112,1.0
17,509,146,0.0,0.043357203800578864,1.0
18,660,655,0.09740625,0.06236910773426878,1.0
19,1404,542,0.169375,0.0531947421415641,1.0
20,311,177,0.06640625,0.05037464110347418,1.0
21,1628,458,0.242,0.05987266086614258,1.0
22,1166,681,0.18,0.060074673480264094,1.0
23,1663,193,0.16046875,0.03636071563092886,1.0
24,1166,219,0.0,0.03312738340966719,1.0
25,914,0,0.0,0.056698489106208734,1.0
26,478,248,0.17359375,0.04089953265451055,1.0
27,1603,139,0.054375,0.05644813906901465,1.0
28,952,817,0.0,0.045037692577848926,1.0
29,216,192,0.2403125,0.06119560214584579,1.0
30,756,164,0.0354375,0.07062831418735706,1.0
31,1396,455,0.1905,0.05545551539351488,1.0
32,943,719,0.30434375,0.048449408949622116,1.0
33,731,707,0.0,0.058996710029535035,1.0
34,1785,243,0.30896875,0.05407455894771825,1.0
35,1370,683,0.25784375,0.06574664536790839,1.0
36,708,449,0.145875,0.04270288965598534,1.0
37,10,0,0.0,0.04697917323258843,1.0
38,238,11,0.0,0.04917178398250155,1.0
39,701,697,0.10903125,0.05515847758481916,1.0
40,987,739,0.0,0.05530165242953525,1.0
41,449,1,0.0,0.0543048698911843,1.0
42,706,204,0.0350625,0.05987596880807278,1.0
43,570,117,0.0,0.058383361548185055,1.0
44,1096,912,0.0,0.0397248064801372,1.0
45,871,366,0.07184375,0.04193402438339974,1.0
46,274,862,0.29853125,0.03216421747541075,1.0
47,450,902,0.04959375,0.05153814934871777,1.0
48,1594,11,0.03059375,0.06394536662932339,1.0
49,210,692,0.102125,0.05639804334200541,1.0
50,1735,624,0.17290625,0.023913275334776725,1.0
51,439,370,0.0,0.043964284536104646,1.0
52,1474,82,0.0,0.057266928900218395,1.0
53,1163,570,0.0,0.07198910864142379,1.0
54,365,444,0.18425,0.06358758195235598,1.0
55,1179,350,0.235125,0.05692751584232826,1.0
56,447,663,0.3720625,0.031587120090801814,1.0
57,647,332,0.0,0.06959304693972569,1.0
58,194,303,0.36175,0.03419910387451733,1.0
59,900,23,0.05684375,0.03568044732936706,1.0
60,1411,448,0.09178125,0.03581329886500784,1.0
61,1177,677,0.0,0.04891239790986404,1.0
62,957,226,0.07071875,0.05014629790790569,1.0
63,1190,458,0.41284375,0.049190505056014945,1.0
64,1180,221,0.0,0.03390008008810316,1.0
65,1411,224,0.39565625,0.05061044586438685,1.0
66,1639,458,0.29578125,0.050519388567351636,1.0
67,1137,152,0.32521875,0.039769740585536936,1.0
68,471,5,0.22059375,0.0513309155666843,1.0
69,960,921,0.0,0.04978597616436517,1.0
70,1175,924,0.2628125,0.05299373406528453,1.0
71,440,820,0.24325,0.04485219932814833,1.0
72,1117,743,0.48753125,0.05488445656339896,1.0
73,1634,288,0.254875,0.05023717009947034,1.0
74,1714,681,0.094375,0.051007134223255916,1.0
75,1817,727,0.12959375,0.048872407763994374,1.0
76,715,714,0.1860625,0.03986056843603271,1.0
77,738,256,0.0341875,0.05616843650586936,1.0
78,1349,173,0.1250625,0.05574756393067576,1.0
79,475,235,0.21578125,0.05446469155241479,1.0
80,939,452,0.0,0.06191044932102073,1.0
81,1835,747,0.11990625,0.06682927778957759,1.0
82,43,8,0.05159375,0.0539871302231889,1.0
83,493,231,0.40390625,0.05188175974722643,1.0
84,52,925,0.0,0.041368474961461156,1.0
85,245,926,0.086375,0.05314621061944107,1.0
86,1807,463,0.1370625,0.050749385556969485,1.0
87,1797,226,0.0,0.05269313719109852,1.0
88,461,442,0.11725,0.046957081505131615,1.0
89,237,206,0.5895,0.043826673636762896,1.0
90,948,433,0.28053125,0.0538240755936787,1.0
91,504,415,0.27534375,0.0727551717321494,1.0
92,1819,27,0.0,0.05224037771122055,1.0
93,1702,48,0.02621875,0.0608361364472753,1.0
94,582,121,0.32053125,0.04939758583160512,1.0
95,502,368,0.2454375,0.038820075871346324,1.0
96,214,635,0.0,0.05027616350555934,1.0
97,723,300,0.29484375,0.03395090884293496,1.0
98,432,855,0.0,0.04677649490429094,1.0
99,830,189,0.33640625,0.04433735632131082,1.0
100,1406,161,0.16296875,0.046524444745635135,1.0
101,1733,746,0.0,0.06216177427726803,1.0
102,1844,476,0.0425,0.05055482226640925,1.0
103,1668,618,0.0,0.05538391778832989,1.0
104,1008,822,0.0,0.04085797040329652,1.0
105,1089,893,0.31728125,0.028686111758801147,1.0
106,1817,475,0.20025,0.054287434064283005,1.0
107,724,219,0.0,0.0668584528274471,1.0
108,1657,280,0.0,0.045139807905150535,1.0
109,1628,205,0.229625,0.0438278232622971,1.0
110,680,340,0.0,0.04722826458886844,1.0
111,942,425,0.34809375,0.04718765642464583,1.0
112,1154,504,0.16978125,0.04971661175838369,1.0
113,349,78,0.0,0.05143288048485121,1.0
114,170,538,0.14384375,0.056384691855704945,1.0
115,1493,23,0.4935,0.044192778194244976,1.0
116,1627,676,0.1485,0.05702429538479093,1.0
117,0,217,0.0,0.05328288507413092,1.0
118,717,913,0.26940625,0.06933664781270948,1.0
119,901,714,0.28053125,0.055008942246908596,1.0
120,998,167,0.37890625,0.05045786207195662,1.0
121,486,492,0.1526875,0.05453287855754682,1.0
122,944,208,0.0,0.060838009977673,1.0
123,645,189,0.1089375,0.06617963027598474,1.0
124,113,875,0.18153125,0.046889869805061435,1.0