0,1850,19,0.0,0.03808565446095968,1.0
1,6,670,0.0,0.05286983855580256,1.0
2,1658,415,0.0,0.033520452783281994,1.0
3,1326,15,0.13230769230769232,0.060598674300596525,1.0
4,262,244,0.06230769230769231,0.06615911792016049,1.0
5,598,926,0.0,0.05656430320545677,1.0
6,1594,828,0.06076923076923077,0.057143656697015634,1.0
7,835,347,0.054615384615384614,0.042788714265150955,1.0
8,300,847,0.03461538461538462,0.04429837666962874,1.0
9,773,264,0.05923076923076923,0.05487720365627437,1.0
10,286,236,0.07769230769230769,0.05929323847406361,1.0
11,45,307,0.0,0.04735323727776008,1.0
12,1654,201,0.19538461538461538,0.045404071169244664,1.0
13,256,494,0.07,0.042569343218825606,1.0
14,341,520,0.0,0.0395796239778597,1.0
15,264,191,0.07384615384615385,0.04681320852090424,1.0
16,740,164,0.014615384615384615,0.052021266559431754,1.0
17,509,146,0.010769230769230769,0.052921451281139634,1.0
18,660,655,0.055384615384615386,0.05129906945784457,1.0
19,1404,542,0.17692307692307693,0.038706545333729137,1.0
20,311,177,0.0,0.05252181927349914,1.0
21,1628,458,0.12615384615384614,0.05586398127815898,1.0
22,1166,681,0.11692307692307692,0.04013685154317989,1.0
23,1663,193,0.046153846153846156,0.06645108957936899,1.0
24,1166,219,0.016923076923076923,0.04829124026111195,1.0
25,914,0,0.0,0.04649207977823434,1.0
26,478,248,0.0,0.0602837523626156,1.0
27,1603,139,0.043076923076923075,0.05186520834557579,1.0
28,952,817,0.0,0.0559426252719463,1.0
29,216,192,0.12153846153846154,0.04691457158806317,1.0
30,756,164,0.0,0.03767227781511899,1.0
31,1396,455,0.0,0.05672519848345174,1.0
32,943,719,0.0,0.051775196174584696,1.0
33,731,707,0.0,0.05492961223009538,1.0
34,1785,243,0.052307692307692305,0.03915810846751336,1.0
35,1370,683,0.023076923076923078,0.05389173705236203,1.0
36,708,449,0.010769230769230769,0.04488433606459423,1.0
37,10,0,0.0,0.04874509019208464,1.0
38,238,11,0.0,0.059906607122528335,1.0
39,701,697,0.036923076923076927,0.053267732773466685,1.0
40,987,739,0.1423076923076923,0.03969514082879498,1.0
41,449,1,0.0,0.05388751416120329,1.0
42,706,204,0.0,0.04587661834530887,1.0
43,570,117,0.10923076923076923,0.060385929551004594,1.0
44,1096,912,0.07692307692307693,0.04285135477675412,1.0
45,871,366,0.0,0.04836288955756875,1.0
46,274,862,0.0,0.04524910062922248,1.0
47,450,902,0.0,0.04356571941090061,1.0
48,1594,11,0.012307692307692308,0.039212646854934655,1.0
49,210,692,0.03076923076923077,0.05271809381408988,1.0
50,1735,624,0.0,0.04503409125320432,1.0
51,439,370,0.09461538461538462,0.049519319872814986,1.0
52,1474,82,0.0,0.04707812814458776,1.0
53,1163,570,0.02076923076923077,0.05896156896315494,1.0
54,365,444,0.0,0.042404311826317806,1.0
55,1179,350,0.08307692307692308,0.04462237772059548,1.0
56,447,663,0.16384615384615384,0.04512686768017789,1.0
57,647,332,0.14461538461538462,0.034974639492251824,1.0
58,194,303,0.1423076923076923,0.04853620102373411,1.0
59,900,23,0.0,0.04808556523936727,1.0
60,1411,448,0.04461538461538461,0.044891738513350044,1.0
61,1177,677,0.06,0.061405191402888575,1.0
62,957,226,0.17615384615384616,0.04561914781835517,1.0
63,1190,458,0.052307692307692305,0.05014681796459328,1.0
64,1180,221,0.04153846153846154,0.047110267083820746,1.0
65,1411,224,0.05692307692307692,0.05151861649567491,1.0
66,1639,458,0.10307692307692308,0.049334234508694175,1.0
67,1137,152,0.027692307692307693,0.04183631974236943,1.0
68,471,5,0.054615384615384614,0.04450447347754155,1.0
69,960,921,0.0,0.055230615208732244,1.0
70,1175,924,0.0,0.04778333775825479,1.0
71,440,820,0.06384615384615384,0.05941096017409798,1.0
72,1117,743,0.12384615384615384,0.031317833444710994,1.0
73,1634,288,0.05692307692307692,0.06502573039469595,1.0
74,1714,681,0.0,0.047988121768369904,1.0
75,1817,727,0.026153846153846153,0.03936397065962767,1.0
76,715,714,0.12692307692307692,0.05565605600182755,1.0
77,738,256,0.0,0.07522799180014711,1.0
78,1349,173,0.0,0.039727491382192254,1.0
79,475,235,0.10153846153846154,0.05981762914886847,1.0
80,939,452,0.11384615384615385,0.05204548684465812,1.0
81,1835,747,0.0,0.043346511015218164,1.0
82,43,8,0.0,0.06192829471195206,1.0
83,493,231,0.0,0.027095866694846878,1.0
84,52,925,0.013846153846153847,0.053502698789903214,1.0
85,245,926,0.025384615384615384,0.04725790668889714,1.0
86,1807,463,0.0,0.04776021724495533,1.0
87,1797,226,0.05,0.052764053609940395,1.0
88,461,442,0.055384615384615386,0.04293460804110711,1.0
89,237,206,0.052307692307692305,0.048230494122788035,1.0
90,948,433,0.03076923076923077,0.05808281400980875,1.0
91,504,415,0.012307692307692308,0.036057288436908225,1.0
92,1819,27,0.0,0.051364247251779106,1.0
93,1702,48,0.0,0.06135651931319978,1.0
94,582,121,0.013076923076923076,0.05724220235517849,1.0
95,502,368,0.17692307692307693,0.04116507031986609,1.0
96,214,635,0.18769230769230769,0.024708261873673986,1.0
97,723,300,0.09846153846153846,0.06209244151275285,1.0
98,432,855,0.013846153846153847,0.049173445125292065,1.0
99,830,189,0.2169230769230769,0.06574138094298551,1.0
100,1406,161,0.04692307692307692,0.04393232911579485,1.0
101,1733,746,0.06384615384615384,0.05909604946742566,1.0
102,1844,476,0.0823076923076923,0.04828459083460647,1.0
103,1668,618,0.08846153846153847,0.04418677431373004,1.0
104,1008,822,0.0,0.03156952535016912,1.0
105,1089,893,0.013076923076923076,0.05498649234702648,1.0
106,1817,475,0.07,0.0434348918162859,1.0
107,724,219,0.07846153846153846,0.04579657229168624,1.0
108,1657,280,0.11692307692307692,0.06288655216427505,1.0
109,1628,205,0.016923076923076923,0.05879931130591515,1.0
110,680,340,0.013076923076923076,0.07411487619678961,1.0
111,942,425,0.08384615384615385,0.04176256486522657,1.0
112,1154,504,0.04461538461538461,0.04985989098324585,1.0
113,349,78,0.027692307692307693,0.04835807277505746,1.0
114,170,538,0.05384615384615385,0.036026209906346265,1.0
115,1493,23,0.0,0.04162392297616551,1.0
116,1627,676,0.05692307692307692,0.046914915743361436,1.0
117,0,217,0.0,0.05353602718464077,1.0
118,717,913,0.014615384615384615,0.04574582267300766,1.0
119,901,714,0.03461538461538462,0.053006087882571634,1.0
120,998,167,0.02846153846153846,0.045370610299980865,1.0
121,486,492,0.06461538461538462,0.04089968010301513,1.0
122,944,208,0.005384615384615384,0.05009729010549272,1.0
123,645,189,0.0,0.06585815206527457,1.0
124,113,875,0.0,0.051321423015998104,1.0