0,1850,19,0.04384615384615385,0.05165868843120751,1.0
1,6,670,0.06076923076923077,0.06290367973665038,1.0
2,1658,415,0.08153846153846153,0.06043245170524324,1.0
3,1326,15,0.05384615384615385,0.05217249628188931,1.0
4,262,244,0.0,0.03940168820800804,1.0
5,598,926,0.04153846153846154,0.04010793959870601,1.0
6,1594,828,0.05923076923076923,0.048020983619191715,1.0
7,835,347,0.14461538461538462,0.052694715864229746,1.0
8,300,847,0.026153846153846153,0.05924998085938346,1.0
9,773,264,0.0,0.07794319349352283,1.0
10,286,236,0.07769230769230769,0.058934189275620066,1.0
11,45,307,0.1076923076923077,0.03792354188445694,1.0
12,1654,201,0.15461538461538463,0.04457664715268862,1.0
13,256,494,0.12846153846153846,0.046265854001094016,1.0
14,341,520,0.0,0.040438477014401106,1.0
15,264,191,0.040769230769230766,0.05855724369682851,1.0
16,740,164,0.021538461538461538,0.05644302946827496,1.0
17,509,146,0.06538461538461539,0.06093494974677862,1.0
18,660,655,0.13692307692307693,0.04589916733877416,1.0
19,1404,542,0.07384615384615385,0.04399968644426144,1.0
20,311,177,0.18846153846153846,0.04853047292182105,1.0
21,1628,458,0.07,0.055291876911293045,1.0
22,1166,681,0.12461538461538461,0.050695888457428194,1.0
23,1663,193,0.15538461538461537,0.04020810896704794,1.0
24,1166,219,0.08846153846153847,0.04831357657562579,1.0
25,914,0,0.08,0.0632725548536338,1.0
26,478,248,0.19153846153846155,0.05156507453433948,1.0
27,1603,139,0.015384615384615385,0.05121144447652346,1.0
28,952,817,0.05076923076923077,0.054173875772303905,1.0
29,216,192,0.1346153846153846,0.046671604428663076,1.0
30,756,164,0.17923076923076922,0.053080422099999275,1.0
31,1396,455,0.20692307692307693,0.06293173207746067,1.0
32,943,719,0.12538461538461537,0.05402803762994181,1.0
33,731,707,0.0,0.054594083973013054,1.0
34,1785,243,0.12384615384615384,0.06431088741956578,1.0
35,1370,683,0.14461538461538462,0.045346958918118054,1.0
36,708,449,0.12384615384615384,0.03057388233185971,1.0
37,10,0,0.0,0.07114977912544411,1.0
38,238,11,0.07923076923076923,0.05177253598576565,1.0
39,701,697,0.04,0.05084627092445153,1.0
40,987,739,0.14384615384615385,0.051255285462871523,1.0
41,449,1,0.10307692307692308,0.022420620950663314,1.0
42,706,204,0.04230769230769231,0.07066137715405223,1.0
43,570,117,0.016153846153846154,0.04680724931788327,1.0
44,1096,912,0.016923076923076923,0.0551301651919545,1.0
45,871,366,0.20384615384615384,0.06252833770608626,1.0
46,274,862,0.03307692307692308,0.047505186627525,1.0
47,450,902,0.10461538461538461,0.040698445535660044,1.0
48,1594,11,0.22846153846153847,0.02818543837402223,1.0
49,210,692,0.12538461538461537,0.033359479533157765,1.0
50,1735,624,0.07307692307692308,0.05374011484812216,1.0
51,439,370,0.02,0.038397305625451426,1.0
52,1474,82,0.0,0.04296997403247771,1.0
53,1163,570,0.15846153846153846,0.050605449375295784,1.0
54,365,444,0.17,0.04308661824635851,1.0
55,1179,350,0.02076923076923077,0.02308280117149542,1.0
56,447,663,0.08615384615384615,0.07412302485372317,1.0
57,647,332,0.11692307692307692,0.055748957872344046,1.0
58,194,303,0.18615384615384614,0.03761713033841665,1.0
59,900,23,0.0,0.04002911080011251,1.0
60,1411,448,0.06923076923076923,0.04713142645351062,1.0
61,1177,677,0.08384615384615385,0.047751269616165576,1.0
62,957,226,0.07230769230769231,0.05366648562759293,1.0
63,1190,458,0.018461538461538463,0.05470203438539983,1.0
64,1180,221,0.14923076923076922,0.049934752455453056,1.0
65,1411,224,0.03923076923076923,0.061455217430668396,1.0
66,1639,458,0.19230769230769232,0.05720463803306033,1.0
67,1137,152,0.05076923076923077,0.04426631604327911,1.0
68,471,5,0.09153846153846154,0.048720165686108714,1.0
69,960,921,0.17384615384615384,0.06747638412695972,1.0
70,1175,924,0.04230769230769231,0.05810254500307734,1.0
71,440,820,0.13153846153846155,0.048342857748684805,1.0
72,1117,743,0.20153846153846153,0.04601290135697577,1.0
73,1634,288,0.0,0.05018176768801358,1.0
74,1714,681,0.07692307692307693,0.03448005121501116,1.0
75,1817,727,0.01769230769230769,0.05958571391752957,1.0
76,715,714,0.10230769230769231,0.046100658224306854,1.0
77,738,256,0.21769230769230768,0.05266535562380471,1.0
78,1349,173,0.0,0.03864217766173121,1.0
79,475,235,0.13076923076923078,0.0648564896923628,1.0
80,939,452,0.09230769230769231,0.052228944317491977,1.0
81,1835,747,0.036923076923076927,0.05688475997794237,1.0
82,43,8,0.036923076923076927,0.06295591830468847,1.0
83,493,231,0.14846153846153845,0.04067232743405676,1.0
84,52,925,0.0,0.030994479808372218,1.0
85,245,926,0.18615384615384614,0.046537494100115734,1.0
86,1807,463,0.04,0.05134798171368827,1.0
87,1797,226,0.08692307692307692,0.04989069215243992,1.0
88,461,442,0.24846153846153846,0.04409392363797495,1.0
89,237,206,0.2,0.05363543991414268,1.0
90,948,433,0.12615384615384614,0.03581451390263707,1.0
91,504,415,0.1376923076923077,0.04688143229903747,1.0
92,1819,27,0.0,0.052814155397041256,1.0
93,1702,48,0.0,0.04376455885422176,1.0
94,582,121,0.09692307692307692,0.0365784575756268,1.0
95,502,368,0.0,0.06091114685921452,1.0
96,214,635,0.04384615384615385,0.045790453354235594,1.0
97,723,300,0.1453846153846154,0.04979976942557974,1.0
98,432,855,0.13384615384615384,0.044340442405072365,1.0
99,830,189,0.19076923076923077,0.03515299846484555,1.0
100,1406,161,0.09769230769230769,0.04989771659469184,1.0
101,1733,746,0.021538461538461538,0.049721785030331415,1.0
102,1844,476,0.12538461538461537,0.04049224530683357,1.0
103,1668,618,0.1976923076923077,0.03674569737623856,1.0
104,1008,822,0.0,0.06623377616915692,1.0
105,1089,893,0.0,0.05959015441618784,1.0
106,1817,475,0.0,0.04524192816189787,1.0
107,724,219,0.13307692307692306,0.0406952757827855,1.0
108,1657,280,0.2561538461538462,0.04519086356372394,1.0
109,1628,205,0.18923076923076923,0.035063218834095744,1.0
110,680,340,0.10307692307692308,0.02668423341761134,1.0
111,942,425,0.1276923076923077,0.05769902105468193,1.0
112,1154,504,0.13076923076923078,0.050877110862787574,1.0
113,349,78,0.04230769230769231,0.04045031948190964,1.0
114,170,538,0.1123076923076923,0.05239245534517295,1.0
115,1493,23,0.13692307692307693,0.04018991697294672,1.0
116,1627,676,0.22615384615384615,0.03898440500832597,1.0
117,0,217,0.0,0.05238764511145066,1.0
118,717,913,0.01769230769230769,0.06111789060472118,1.0
119,901,714,0.10230769230769231,0.050460801146714626,1.0
120,998,167,0.05076923076923077,0.05671461119745429,1.0
121,486,492,0.19538461538461538,0.05214509872711297,1.0
122,944,208,0.1823076923076923,0.053098934175087736,1.0
123,645,189,0.0,0.05128519497759449,1.0
124,113,875,0.11615384615384615,0.04358832151476424,1.0