0,1850,19,0.489125,0.05288837678829316,1.0
1,6,670,0.6205625,0.04957027513841195,1.0
2,1658,415,0.631375,0.06364438396806875,1.0
3,1326,15,0.51396875,0.06001355547835386,1.0
4,262,244,0.50690625,0.04803434468867116,1.0
5,598,926,0.55284375,0.06532843498892424,1.0
6,1594,828,0.5415625,0.06213805487836124,1.0
7,835,347,0.370875,0.05668825070464287,1.0
8,300,847,0.528875,0.0417151583782577,1.0
9,773,264,0.45540625,0.05650341268029096,1.0
10,286,236,0.50678125,0.04681082974656847,1.0
11,45,307,0.48575,0.0546710378418066,1.0
12,1654,201,0.563,0.04098164322128154,1.0
13,256,494,0.5274375,0.047293323960464116,1.0
14,341,520,0.66528125,0.056567749057245646,1.0
15,264,191,0.5598125,0.04595714566633612,1.0
16,740,164,0.427875,0.03562718283566392,1.0
17,509,146,0.3955,0.04026960206590267,1.0
18,660,655,0.4315,0.02406757767110855,1.0
19,1404,542,0.59690625,0.06176199561408803,1.0
20,311,177,0.41315625,0.0627775436230754,1.0
21,1628,458,0.5009375,0.0688706090362133,1.0
22,1166,681,0.54796875,0.046551464614088,1.0
23,1663,193,0.47915625,0.04794330329525819,1.0
24,1166,219,0.7151875,0.037529205771390045,1.0
25,914,0,0.4216875,0.0364429153198137,1.0
26,478,248,0.4909375,0.05743111377103892,1.0
27,1603,139,0.45628125,0.06718203039551186,1.0
28,952,817,0.50265625,0.0572215221269137,1.0
29,216,192,0.5846875,0.060123103394721794,1.0
30,756,164,0.50590625,0.04077832778201451,1.0
31,1396,455,0.59234375,0.0416370219877623,1.0
32,943,719,0.45325,0.05427203666564387,1.0
33,731,707,0.4739375,0.035693379958148905,1.0
34,1785,243,0.44575,0.05751952137187774,1.0
35,1370,683,0.48425,0.04527535608249951,1.0
36,708,449,0.59565625,0.044014013682689444,1.0
37,10,0,0.4800625,0.04612391643360348,1.0
38,238,11,0.45775,0.051193704192749344,1.0
39,701,697,0.38165625,0.0420590016499973,1.0
40,987,739,0.49284375,0.0613617409659241,1.0
41,449,1,0.45190625,0.05312996901833653,1.0
42,706,204,0.51490625,0.04847288803845875,1.0
43,570,117,0.46146875,0.05738794165967974,1.0
44,1096,912,0.47890625,0.055671692154767666,1.0
45,871,366,0.46825,0.05909866312759242,1.0
46,274,862,0.6786875,0.06118268924124769,1.0
47,450,902,0.58425,0.05880249070635464,1.0
48,1594,11,0.543375,0.051621661273286164,1.0
49,210,692,0.54296875,0.0560700853586191,1.0
50,1735,624,0.51096875,0.05589004683279446,1.0
51,439,370,0.45725,0.07578183512636691,1.0
52,1474,82,0.4696875,0.043971618264129576,1.0
53,1163,570,0.55184375,0.04879587944491793,1.0
54,365,444,0.54246875,0.05765997678254239,1.0
55,1179,350,0.46725,0.057144222146164,1.0
56,447,663,0.600375,0.041221389031872106,1.0
57,647,332,0.5001875,0.033918905487664484,1.0
58,194,303,0.52225,0.06271897849621408,1.0
59,900,23,0.429875,0.04205901880114918,1.0
60,1411,448,0.4664375,0.051385782745920296,1.0
61,1177,677,0.48021875,0.038936184631783693,1.0
62,957,226,0.45128125,0.05369849513878965,1.0
63,1190,458,0.368375,0.05067398223696021,1.0
64,1180,221,0.56421875,0.04552517926742516,1.0
65,1411,224,0.46984375,0.038724336849953536,1.0
66,1639,458,0.5856875,0.054073580208537475,1.0
67,1137,152,0.6040625,0.040672930143277455,1.0
68,471,5,0.51378125,0.0531913779722,1.0
69,960,921,0.46721875,0.06405040058090879,1.0
70,1175,924,0.53215625,0.05425912618442828,1.0
71,440,820,0.5986875,0.04201543242725756,1.0
72,1117,743,0.51975,0.045917541056823594,1.0
73,1634,288,0.46140625,0.04757518223211309,1.0
74,1714,681,0.51275,0.06118607802943963,1.0
75,1817,727,0.483,0.055744875789838,1.0
76,715,714,0.48628125,0.06053876737442973,1.0
77,738,256,0.55059375,0.040577240813760164,1.0
78,1349,173,0.53740625,0.05442143895267178,1.0
79,475,235,0.4533125,0.043706436613700356,1.0
80,939,452,0.3999375,0.061705343311234645,1.0
81,1835,747,0.58265625,0.03823546275322857,1.0
82,43,8,0.46025,0.06122836138039663,1.0
83,493,231,0.42309375,0.0457137348703049,1.0
84,52,925,0.621125,0.06516280405458934,1.0
85,245,926,0.48875,0.053010572442393836,1.0
86,1807,463,0.55775,0.04504215491981232,1.0
87,1797,226,0.56909375,0.05137024016880905,1.0
88,461,442,0.3716875,0.04470648910042967,1.0
89,237,206,0.52359375,0.05857041030604674,1.0
90,948,433,0.46003125,0.033777973404207046,1.0
91,504,415,0.50725,0.043789475753912725,1.0
92,1819,27,0.5880625,0.04502845039843963,1.0
93,1702,48,0.57328125,0.05581347545485134,1.0
94,582,121,0.44509375,0.04814871737177551,1.0
95,502,368,0.46884375,0.05325318185032863,1.0
96,214,635,0.4830625,0.04130688456907534,1.0
97,723,300,0.47271875,0.04740806420691068,1.0
98,432,855,0.4853125,0.05440368389583998,1.0
99,830,189,0.39615625,0.06203126631516861,1.0
100,1406,161,0.62065625,0.06701756996733466,1.0
101,1733,746,0.51828125,0.04517591505933061,1.0
102,1844,476,0.48365625,0.05742787037198428,1.0
103,1668,618,0.5073125,0.035812030446777235,1.0
104,1008,822,0.48503125,0.0519996020978055,1.0
105,1089,893,0.4666875,0.04898615568872182,1.0
106,1817,475,0.49340625,0.07551921596414919,1.0
107,724,219,0.52103125,0.05551699709626145,1.0
108,1657,280,0.504125,0.026542872979019447,1.0
109,1628,205,0.617125,0.048341954211907276,1.0
110,680,340,0.54078125,0.03464764599460727,1.0
111,942,425,0.35425,0.055165750109193966,1.0
112,1154,504,0.40940625,0.04828895835447137,1.0
113,349,78,0.3568125,0.03153065316272147,1.0
114,170,538,0.4843125,0.06632083248458567,1.0
115,1493,23,0.602875,0.05168513871816585,1.0
116,1627,676,0.39171875,0.050924440135236324,1.0
117,0,217,0.46346875,0.04270640544847573,1.0
118,717,913,0.4575625,0.06495452705123327,1.0
119,901,714,0.58959375,0.04186738570329429,1.0
120,998,167,0.4278125,0.03569471840634733,1.0
121,486,492,0.5066875,0.07236433948080463,1.0
122,944,208,0.5768125,0.03652645758659419,1.0
123,645,189,0.4441875,0.0457203799200444,1.0
124,113,875,0.469375,0.058445480303463235,1.0