0,1850,19,0.69465625,0.049382209943032426,1.0
1,6,670,0.546625,0.04717756224632444,1.0
2,1658,415,0.46640625,0.0527787859373564,1.0
3,1326,15,0.4511875,0.035230169080329915,1.0
4,262,244,0.37940625,0.05739385690760815,1.0
5,598,926,0.44534375,0.04141934555860185,1.0
6,1594,828,0.67134375,0.06711259388738607,1.0
7,835,347,0.5263125,0.04663361005369248,1.0
8,300,847,0.47603125,0.03231311513670428,1.0
9,773,264,0.5895,0.04100339982407675,1.0
10,286,236,0.47021875,0.044303917587297556,1.0
11,45,307,0.3980625,0.049880152772443856,1.0
12,1654,201,0.56384375,0.0463044995975528,1.0
13,256,494,0.55465625,0.0658715006211704,1.0
14,341,520,0.39703125,0.051929049755001504,1.0
15,264,191,0.51078125,0.05577601081572951,1.0
16,740,164,0.53103125,0.04884315136790349,1.0
17,509,146,0.65715625,0.05739383998745373,1.0
18,660,655,0.49078125,0.04858951079531778,1.0
19,1404,542,0.541375,0.045507957973539175,1.0
20,311,177,0.5838125,0.06030216526712796,1.0
21,1628,458,0.5354375,0.04453134994282541,1.0
22,1166,681,0.3799375,0.06127333564104562,1.0
23,1663,193,0.47134375,0.05977510804182037,1.0
24,1166,219,0.45875,0.05342620793787603,1.0
25,914,0,0.49490625,0.04620124151584012,1.0
26,478,248,0.382625,0.028867549159044555,1.0
27,1603,139,0.4134375,0.04493602254617579,1.0
28,952,817,0.343625,0.049574383283629245,1.0
29,216,192,0.46259375,0.041391468709350794,1.0
30,756,164,0.460625,0.04337548230991188,1.0
31,1396,455,0.57446875,0.03909623940831632,1.0
32,943,719,0.5590625,0.06023122752490162,1.0
33,731,707,0.53171875,0.0630030414148262,1.0
34,1785,243,0.564125,0.04413480015913671,1.0
35,1370,683,0.39003125,0.05029999602786354,1.0
36,708,449,0.6248125,0.05264464692932293,1.0
37,10,0,0.57128125,0.0413122924598861,1.0
38,238,11,0.43321875,0.03359064686199136,1.0
39,701,697,0.53396875,0.044711101631800344,1.0
40,987,739,0.58340625,0.04060065933247095,1.0
41,449,1,0.5208125,0.05338934846806788,1.0
42,706,204,0.37221875,0.06401052993570226,1.0
43,570,117,0.588625,0.04857394188020282,1.0
44,1096,912,0.5034375,0.03552085972997221,1.0
45,871,366,0.55803125,0.04617540652168897,1.0
46,274,862,0.53640625,0.05217444845973489,1.0
47,450,902,0.63675,0.05971299807231799,1.0
48,1594,11,0.47021875,0.042333949532250656,1.0
49,210,692,0.57346875,0.05900025964750726,1.0
50,1735,624,0.4821875,0.05073615615967038,1.0
51,439,370,0.52340625,0.05056043255027773,1.0
52,1474,82,0.52265625,0.0475368852772537,1.0
53,1163,570,0.58665625,0.055994687354015776,1.0
54,365,444,0.44396875,0.0453392494325822,1.0
55,1179,350,0.47125,0.057055120327422146,1.0
56,447,663,0.49528125,0.0663742364615347,1.0
57,647,332,0.48090625,0.046451494451299515,1.0
58,194,303,0.504375,0.039219250033519025,1.0
59,900,23,0.49490625,0.03860452736716954,1.0
60,1411,448,0.425625,0.05392475975584044,1.0
61,1177,677,0.47990625,0.045536590641840305,1.0
62,957,226,0.55309375,0.04705761079471338,1.0
63,1190,458,0.51628125,0.050473107569063036,1.0
64,1180,221,0.381375,0.04517823540672126,1.0
65,1411,224,0.487625,0.0370901400611274,1.0
66,1639,458,0.5500625,0.05093821160573719,1.0
67,1137,152,0.543875,0.0492714286406096,1.0
68,471,5,0.531625,0.04694266144901257,1.0
69,960,921,0.49159375,0.06369742107241397,1.0
70,1175,924,0.41703125,0.0447847115816586,1.0
71,440,820,0.4545,0.06097735631044211,1.0
72,1117,743,0.49515625,0.046498386636435775,1.0
73,1634,288,0.44175,0.046452169560050736,1.0
74,1714,681,0.533875,0.03632188071888091,1.0
75,1817,727,0.44478125,0.053375153111581725,1.0
76,715,714,0.465875,0.06376877602924905,1.0
77,738,256,0.41221875,0.0474796777436561,1.0
78,1349,173,0.56296875,0.06052201996940279,1.0
79,475,235,0.50321875,0.05425806509669692,1.0
80,939,452,0.50653125,0.05443165391193498,1.0
81,1835,747,0.4678125,0.04738902879388853,1.0
82,43,8,0.41115625,0.05878522264719365,1.0
83,493,231,0.58971875,0.05012988317151739,1.0
84,52,925,0.5285,0.0650695826513402,1.0
85,245,926,0.50334375,0.05514118963507166,1.0
86,1807,463,0.418125,0.050277139516182075,1.0
87,1797,226,0.5406875,0.053853818997047276,1.0
88,461,442,0.51290625,0.05947194362677601,1.0
89,237,206,0.556375,0.039388643856189065,1.0
90,948,433,0.5121875,0.051490227695211305,1.0
91,504,415,0.5471875,0.05250203188945708,1.0
92,1819,27,0.5296875,0.05407611708780997,1.0
93,1702,48,0.4355625,0.0628933224037275,1.0
94,582,121,0.49121875,0.051289405742795356,1.0
95,502,368,0.40634375,0.04936014426470162,1.0
96,214,635,0.5813125,0.05750693773703727,1.0
97,723,300,0.47084375,0.041516196770854094,1.0
98,432,855,0.474,0.05178298563066573,1.0
99,830,189,0.37425,0.04631716969812087,1.0
100,1406,161,0.538125,0.049945158161915464,1.0
101,1733,746,0.6535,0.051425633162107326,1.0
102,1844,476,0.4644375,0.02933130485561526,1.0
103,1668,618,0.41953125,0.04564839277904443,1.0
104,1008,822,0.51775,0.04400293831249721,1.0
105,1089,893,0.61709375,0.04763695576965976,1.0
106,1817,475,0.54040625,0.04504928798310593,1.0
107,724,219,0.59971875,0.05971508749184988,1.0
108,1657,280,0.4778125,0.046827428848716476,1.0
109,1628,205,0.54853125,0.024452942266885398,1.0
110,680,340,0.547125,0.03896542504480843,1.0
111,942,425,0.457375,0.04168123268001506,1.0
112,1154,504,0.617375,0.06689169016248218,1.0
113,349,78,0.548375,0.032577558953094776,1.0
114,170,538,0.37509375,0.05331041383862537,1.0
115,1493,23,0.45203125,0.053465855454629015,1.0
116,1627,676,0.50325,0.056988858424135626,1.0
117,0,217,0.51728125,0.05096866672845166,1.0
118,717,913,0.51896875,0.05599008983511145,1.0
119,901,714,0.501625,0.059105784719785226,1.0
120,998,167,0.57859375,0.05215466265482052,1.0
121,486,492,0.4445,0.04827018314652438,1.0
122,944,208,0.4921875,0.05235494264873161,1.0
123,645,189,0.46784375,0.0318582206513392,1.0
124,113,875,0.441875,0.030341958842611327,1.0