0,1850,19,0.345125,0.05494665338070695,1.0
1,6,670,0.53534375,0.04133874162228226,1.0
2,1658,415,0.236,0.04986859627678227,1.0
3,1326,15,0.54434375,0.04169990284597552,1.0
4,262,244,0.51084375,0.0439372216963722,1.0
5,598,926,0.0528125,0.05399625061291327,1.0
6,1594,828,0.56721875,0.04620769405164722,1.0
7,835,347,0.6448125,0.0501172002492358,1.0
8,300,847,0.67559375,0.04610406947709828,1.0
9,773,264,0.18303125,0.050950338729974884,1.0
10,286,236,0.89828125,0.04062418147357848,1.0
11,45,307,0.51890625,0.04237438800476444,1.0
12,1654,201,0.65228125,0.057214586976563314,1.0
13,256,494,0.5356875,0.047689300863800604,1.0
14,341,520,0.498375,0.06148159397090665,1.0
15,264,191,0.1685625,0.07274740223904082,1.0
16,740,164,0.3923125,0.047244813933049856,1.0
17,509,146,0.41978125,0.037760656496194214,1.0
18,660,655,0.526625,0.04997619269937258,1.0
19,1404,542,0.7735,0.044856277373629974,1.0
20,311,177,0.800125,0.024209972338750826,1.0
21,1628,458,0.5649375,0.052923397559067616,1.0
22,1166,681,0.74365625,0.046155810158101995,1.0
23,1663,193,0.37590625,0.05759880063190304,1.0
24,1166,219,0.47009375,0.04662027702211302,1.0
25,914,0,0.101,0.05223526645079805,1.0
26,478,248,0.6508125,0.06208664801241365,1.0
27,1603,139,0.05225,0.05812138998730624,1.0
28,952,817,0.4771875,0.05858266756402493,1.0
29,216,192,0.386375,0.04427787867491976,1.0
30,756,164,0.49434375,0.048538723162734845,1.0
31,1396,455,0.59896875,0.03179658693768733,1.0
32,943,719,0.39771875,0.05036439039230201,1.0
33,731,707,0.60828125,0.04529171415352177,1.0
34,1785,243,0.10509375,0.04893163743868227,1.0
35,1370,683,0.53128125,0.04609233049553386,1.0
36,708,449,0.57515625,0.04019223805927874,1.0
37,10,0,0.06684375,0.04334899757497852,1.0
38,238,11,0.40684375,0.05876573052668128,1.0
39,701,697,0.520625,0.05447119107202975,1.0
40,987,739,0.43959375,0.05454343146423145,1.0
41,449,1,0.57071875,0.051346849899361724,1.0
42,706,204,0.70034375,0.056179693184675125,1.0
43,570,117,0.55265625,0.061925383570824014,1.0
44,1096,912,0.2344375,0.050327586023936485,1.0
45,871,366,0.379125,0.05678087591140243,1.0
46,274,862,0.56984375,0.05094179280309314,1.0
47,450,902,0.0,0.0626373144637357,1.0
48,1594,11,0.223375,0.06393878361479205,1.0
49,210,692,0.66525,0.048121265929047405,1.0
50,1735,624,0.2251875,0.04575584822893285,1.0
51,439,370,0.6083125,0.046690061445171106,1.0
52,1474,82,0.27003125,0.04489879334367371,1.0
53,1163,570,0.42615625,0.062487716643122714,1.0
54,365,444,0.36825,0.05872354809644932,1.0
55,1179,350,0.63159375,0.04548983792068355,1.0
56,447,663,0.6060625,0.04343225933057469,1.0
57,647,332,0.5566875,0.04349200042004444,1.0
58,194,303,0.65884375,0.05653966965309929,1.0
59,900,23,0.3724375,0.05132156807527911,1.0
60,1411,448,0.625625,0.03973642505473822,1.0
61,1177,677,0.39621875,0.07645008444932391,1.0
62,957,226,0.512375,0.057168194846772276,1.0
63,1190,458,0.80240625,0.037897398093343616,1.0
64,1180,221,0.593,0.05723684044080153,1.0
65,1411,224,0.5225,0.042588739200663916,1.0
66,1639,458,0.589375,0.049220347430822015,1.0
67,1137,152,0.370625,0.03162894097347109,1.0
68,471,5,0.26596875,0.0517433958644718,1.0
69,960,921,0.35540625,0.02301618487689109,1.0
70,1175,924,0.58771875,0.04282765735143135,1.0
71,440,820,0.53740625,0.064082974121866,1.0
72,1117,743,0.522875,0.06159162282954226,1.0
73,1634,288,0.59596875,0.055950159718113165,1.0
74,1714,681,0.58834375,0.05424313414288444,1.0
75,1817,727,0.24275,0.04126414909153453,1.0
76,715,714,0.5629375,0.05155899847157738,1.0
77,738,256,0.12565625,0.05637447574846498,1.0
78,1349,173,0.52834375,0.04539118815475794,1.0
79,475,235,0.65196875,0.046776309248682764,1.0
80,939,452,0.5814375,0.05522662950330148,1.0
81,1835,747,0.2508125,0.056777682429867235,1.0
82,43,8,0.3365625,0.045280391377298064,1.0
83,493,231,0.662375,0.0447037903324285,1.0
84,52,925,0.32009375,0.037725225219149755,1.0
85,245,926,0.34175,0.04205204445898783,1.0
86,1807,463,0.49803125,0.03191906057416875,1.0
87,1797,226,0.60615625,0.05556875275432075,1.0
88,461,442,0.36815625,0.04716503991506213,1.0
89,237,206,0.48690625,0.04984356292723525,1.0
90,948,433,0.68671875,0.04080286733806963,1.0
91,504,415,0.75578125,0.03104039365639396,1.0
92,1819,27,0.52984375,0.02933381577836969,1.0
93,1702,48,0.5976875,0.04101507870066427,1.0
94,582,121,0.3128125,0.04766961430897028,1.0
95,502,368,0.5046875,0.06393466401148928,1.0
96,214,635,0.498,0.04366044277131927,1.0
97,723,300,0.257625,0.05091974603926121,1.0
98,432,855,0.54396875,0.06060945132833205,1.0
99,830,189,0.5481875,0.056090580203009104,1.0
100,1406,161,0.37325,0.033479763110244386,1.0
101,1733,746,0.68534375,0.04913075919961494,1.0
102,1844,476,0.59796875,0.056394186244766414,1.0
103,1668,618,0.3538125,0.056418113768577104,1.0
104,1008,822,0.28034375,0.06253172823006022,1.0
105,1089,893,0.41696875,0.04078342236020269,1.0
106,1817,475,0.5339375,0.05312723249461145,1.0
107,724,219,0.4650625,0.04808036591669901,1.0
108,1657,280,0.85753125,0.03284182686118935,1.0
109,1628,205,0.65775,0.04863339194633709,1.0
110,680,340,0.44878125,0.0556131298059845,1.0
111,942,425,0.5039375,0.05501217305685177,1.0
112,1154,504,0.30821875,0.05409159245303003,1.0
113,349,78,0.22540625,0.08161927768054404,1.0
114,170,538,0.70171875,0.04719800329142865,1.0
115,1493,23,0.70625,0.03092038437189187,1.0
116,1627,676,0.5300625,0.04949902600992924,1.0
117,0,217,0.46921875,0.04506391586931681,1.0
118,717,913,0.73959375,0.04338537634499006,1.0
119,901,714,0.591625,0.05503176021050052,1.0
120,998,167,0.7533125,0.033713928539106985,1.0
121,486,492,0.55646875,0.049737132285648765,1.0
122,944,208,0.53603125,0.05495637212194767,1.0
123,645,189,0.70115625,0.04351712915774073,1.0
124,113,875,0.332125,0.05527418739845374,1.0