0,1850,19,0.0,0.05636191178719437,1.0
1,6,670,0.5470625,0.050946788642163635,1.0
2,1658,415,0.67346875,0.040875982566186866,1.0
3,1326,15,0.52725,0.057594913750762075,1.0
4,262,244,0.6753125,0.027876657919943357,1.0
5,598,926,0.0723125,0.05107804956862671,1.0
6,1594,828,0.4188125,0.06756242333053293,1.0
7,835,347,0.51753125,0.05451193713216858,1.0
8,300,847,0.52575,0.04847817479679996,1.0
9,773,264,0.38040625,0.05798974920846414,1.0
10,286,236,0.65775,0.033895776839860975,1.0
11,45,307,0.575125,0.05051310689696335,1.0
12,1654,201,0.38059375,0.055795056729497465,1.0
13,256,494,0.7096875,0.03901468942193836,1.0
14,341,520,0.30128125,0.0557017124928788,1.0
15,264,191,0.41171875,0.05896301314159061,1.0
16,740,164,0.5725625,0.04382550666788343,1.0
17,509,146,0.42140625,0.048548815082046094,1.0
18,660,655,0.49625,0.03960306556967498,1.0
19,1404,542,0.45009375,0.053875764180220956,1.0
20,311,177,0.685125,0.05813968647349527,1.0
21,1628,458,0.64540625,0.03449796518754776,1.0
22,1166,681,0.78375,0.02629639291444163,1.0
23,1663,193,0.52153125,0.04979236166890782,1.0
24,1166,219,0.2843125,0.05812146279872345,1.0
25,914,0,0.4339375,0.0507303448482148,1.0
26,478,248,0.1565,0.05635154955539983,1.0
27,1603,139,0.53453125,0.05401601193096357,1.0
28,952,817,0.41640625,0.06619346171144808,1.0
29,216,192,0.81709375,0.03542470112868966,1.0
30,756,164,0.43271875,0.07737195683834296,1.0
31,1396,455,0.487375,0.053278952562748144,1.0
32,943,719,0.63446875,0.04652719222981519,1.0
33,731,707,0.73934375,0.04984199971434916,1.0
34,1785,243,0.24909375,0.04449862758404846,1.0
35,1370,683,0.373875,0.04766167850823219,1.0
36,708,449,0.6483125,0.04895442052646762,1.0
37,10,0,0.310125,0.0653345891870436,1.0
38,238,11,0.232875,0.05701327669155215,1.0
39,701,697,0.41075,0.05966876304154406,1.0
40,987,739,0.6446875,0.04245741947130384,1.0
41,449,1,0.12609375,0.06079118203180941,1.0
42,706,204,0.41059375,0.052594673114522164,1.0
43,570,117,0.42315625,0.04818282975607681,1.0
44,1096,912,0.21459375,0.047349081805122685,1.0
45,871,366,0.48734375,0.052494566195078564,1.0
46,274,862,0.17665625,0.05313745943315641,1.0
47,450,902,0.32578125,0.04084552181834046,1.0
48,1594,11,0.35034375,0.03634385297017185,1.0
49,210,692,0.6593125,0.04532985801393293,1.0
50,1735,624,0.106125,0.052147335504401086,1.0
51,439,370,0.65846875,0.0592098507852339,1.0
52,1474,82,0.2459375,0.0703433523986892,1.0
53,1163,570,0.59821875,0.04917229667561938,1.0
54,365,444,0.49959375,0.04581712390710774,1.0
55,1179,350,0.6025625,0.05642740682395782,1.0
56,447,663,0.6123125,0.05488838347072733,1.0
57,647,332,0.495125,0.04940035804081965,1.0
58,194,303,0.14471875,0.05330349556928038,1.0
59,900,23,0.12409375,0.05392598496889813,1.0
60,1411,448,0.59446875,0.04645143094668429,1.0
61,1177,677,0.31078125,0.047857555042986825,1.0
62,957,226,0.58628125,0.050878798300103764,1.0
63,1190,458,0.7410625,0.04341817917713467,1.0
64,1180,221,0.79459375,0.04213764966527449,1.0
65,1411,224,0.7864375,0.038533281785997506,1.0
66,1639,458,0.60478125,0.050498342107401624,1.0
67,1137,152,0.29115625,0.055298078006970654,1.0
68,471,5,0.49209375,0.04425786345547141,1.0
69,960,921,0.2940625,0.055928007409796754,1.0
70,1175,924,0.4325625,0.03081627042543322,1.0
71,440,820,0.64209375,0.04659558404251226,1.0
72,1117,743,0.5699375,0.042851217592816945,1.0
73,1634,288,0.60746875,0.04334976750537982,1.0
74,1714,681,0.3058125,0.054030148695340965,1.0
75,1817,727,0.82159375,0.03783934738636535,1.0
76,715,714,0.51146875,0.05623593214867193,1.0
77,738,256,0.47784375,0.05668477875124628,1.0
78,1349,173,0.72190625,0.04320219047154144,1.0
79,475,235,0.74796875,0.045857338820563136,1.0
80,939,452,0.51921875,0.06170338825623402,1.0
81,1835,747,0.40815625,0.05101780622182142,1.0
82,43,8,0.20790625,0.05976151324771434,1.0
83,493,231,0.6775625,0.05194729221367233,1.0
84,52,925,0.53584375,0.04418347179483947,1.0
85,245,926,0.66821875,0.05815674270679561,1.0
86,1807,463,0.27303125,0.06921824454654062,1.0
87,1797,226,0.79159375,0.037758147226012555,1.0
88,461,442,0.35715625,0.05479565556806887,1.0
89,237,206,0.382875,0.055678560879704825,1.0
90,948,433,0.38865625,0.06201854846407487,1.0
91,504,415,0.615125,0.03759270960766553,1.0
92,1819,27,0.3050625,0.032576080332594924,1.0
93,1702,48,0.6320625,0.03951182070934049,1.0
94,582,121,0.7689375,0.05018565430649624,1.0
95,502,368,0.54521875,0.049674764612050774,1.0
96,214,635,0.33571875,0.05671440332094058,1.0
97,723,300,0.34553125,0.052251296451206325,1.0
98,432,855,0.59059375,0.05174211828773705,1.0
99,830,189,0.792375,0.0509517440789998,1.0
100,1406,161,0.36690625,0.06974178566808356,1.0
101,1733,746,0.0390625,0.06383631560624276,1.0
102,1844,476,0.44675,0.050134590496603675,1.0
103,1668,618,0.80071875,0.045831643486331446,1.0
104,1008,822,0.59946875,0.05469529242754205,1.0
105,1089,893,0.50371875,0.04341881701943313,1.0
106,1817,475,0.61059375,0.04349738765759531,1.0
107,724,219,0.43628125,0.03582851542763857,1.0
108,1657,280,0.31409375,0.055410658394236575,1.0
109,1628,205,0.57759375,0.06494898026836878,1.0
110,680,340,0.5624375,0.0522860734110564,1.0
111,942,425,0.61684375,0.05448436824558172,1.0
112,1154,504,0.50490625,0.03957756604836265,1.0
113,349,78,0.58965625,0.0655939350876951,1.0
114,170,538,0.51565625,0.0482689701399622,1.0
115,1493,23,0.5014375,0.04537656758803002,1.0
116,1627,676,0.73615625,0.03327003951262307,1.0
117,0,217,0.3421875,0.04171903248777578,1.0
118,717,913,0.34975,0.058766203486288096,1.0
119,901,714,0.30228125,0.053697289229921306,1.0
120,998,167,0.438375,0.03826194346781122,1.0
121,486,492,0.445625,0.06051364681095874,1.0
122,944,208,0.585,0.05777096860553939,1.0
123,645,189,0.38828125,0.03846439043249506,1.0
124,113,875,0.33384375,0.06799055811637952,1.0