0,1850,19,0.66071875,0.13282590986823029,1.0
1,6,670,0.70790625,0.13517860641742474,1.0
2,1658,415,0.63496875,0.060190314727581296,1.0
3,1326,15,0.71128125,0.08332394350986112,1.0
4,262,244,0.57009375,0.12983406089115393,1.0
5,598,926,0.9321875,0.06773542005174005,1.0
6,1594,828,0.77596875,0.1404216562428951,1.0
7,835,347,0.55721875,0.034070158937535316,1.0
8,300,847,0.77146875,0.04057508786762906,1.0
9,773,264,0.72003125,0.21118887665856023,1.0
10,286,236,0.5396875,0.12729915576006395,1.0
11,45,307,0.53003125,0.09770345882097242,1.0
12,1654,201,0.6849375,0.059808612543670675,1.0
13,256,494,0.99684375,0.11601798042780878,1.0
14,341,520,0.5761875,0.13122597026918656,1.0
15,264,191,0.59134375,0.06127993551753025,1.0
16,740,164,0.660125,0.024110062655573597,1.0
17,509,146,0.6206875,0.13510679963737307,1.0
18,660,655,0.62921875,0.06200119970507312,1.0
19,1404,542,0.6853125,0.04717948186992869,1.0
20,311,177,0.87625,0.1391017264312349,1.0
21,1628,458,0.56475,0.010662985786134366,1.0
22,1166,681,0.6074375,0.12421959891812843,1.0
23,1663,193,0.93296875,0.1994317056325774,1.0
24,1166,219,0.63596875,0.13267673479920158,1.0
25,914,0,0.67528125,0.084458268470512,1.0
26,478,248,0.63571875,0.09673767096196216,1.0
27,1603,139,0.76934375,0.10925921460795411,1.0
28,952,817,0.7195625,0.0760421141712812,1.0
29,216,192,0.831125,0.17580440772852937,1.0
30,756,164,0.60371875,0.1586584941126348,1.0
31,1396,455,0.7813125,0.10505669395293368,1.0
32,943,719,0.77028125,0.15501426417706046,1.0
33,731,707,0.53359375,0.12115114408221178,1.0
34,1785,243,0.56396875,0.1193155304555257,1.0
35,1370,683,0.5694375,0.035915188472588094,1.0
36,708,449,0.5654375,0.15461202799850562,1.0
37,10,0,0.7638125,0.16078499273927468,1.0
38,238,11,0.97325,0.13131129919440368,1.0
39,701,697,0.71584375,0.023438532047828725,1.0
40,987,739,0.5195625,0.07892781982093455,1.0
41,449,1,0.59959375,0.09127681009882686,1.0
42,706,204,0.84390625,0.07802244874816497,1.0
43,570,117,0.6864375,0.12867637364819678,1.0
44,1096,912,0.84046875,0.08661492764180001,1.0
45,871,366,0.619875,0.03855610475886909,1.0
46,274,862,0.677125,0.08299611101171107,1.0
47,450,902,0.60065625,0.027133487971460604,1.0
48,1594,11,0.7365,0.15148420214886474,1.0
49,210,692,0.8626875,0.11890960307787588,1.0
50,1735,624,0.6816875,0.18944083676575632,1.0
51,439,370,0.70728125,0.11203741461496691,1.0
52,1474,82,0.71078125,0.14061059774682605,1.0
53,1163,570,0.71228125,0.14796534671152178,1.0
54,365,444,0.762875,0.05383643569946646,1.0
55,1179,350,0.7978125,0.09160710771539367,1.0
56,447,663,0.55884375,0.16073220119409934,1.0
57,647,332,0.62609375,0.010311081062476565,1.0
58,194,303,0.5631875,0.08932858567067367,1.0
59,900,23,0.6678125,0.04298393045377766,1.0
60,1411,448,0.62453125,0.09664060851744155,1.0
61,1177,677,0.85171875,0.1300131609919784,1.0
62,957,226,0.581875,0.14407111486340873,1.0
63,1190,458,0.756625,0.17347373524752002,1.0
64,1180,221,0.8055,0.20233437710156713,1.0
65,1411,224,0.65196875,0.15245385261404282,1.0
66,1639,458,0.67709375,0.09102008050549681,1.0
67,1137,152,0.4868125,0.060810371513377114,1.0
68,471,5,0.5835625,0.08029394830925324,1.0
69,960,921,0.706875,-0.005745061543935878,1.0
70,1175,924,0.6965625,0.15938274984666134,1.0
71,440,820,0.67434375,0.16071000982321745,1.0
72,1117,743,0.78,0.18798869671257418,1.0
73,1634,288,0.64375,0.059023301127633765,1.0
74,1714,681,0.5113125,0.13083623335411712,1.0
75,1817,727,0.75,0.10261721171339551,1.0
76,715,714,0.61753125,0.10989201890082415,1.0
77,738,256,0.70534375,0.07266851269474767,1.0
78,1349,173,0.60015625,0.07811311438733717,1.0
79,475,235,0.76540625,0.10911340935771056,1.0
80,939,452,0.6464375,0.06037010864801094,1.0
81,1835,747,0.717,0.05385792155364023,1.0
82,43,8,0.72084375,0.16053791844402976,1.0
83,493,231,0.9051875,0.14453005294985402,1.0
84,52,925,0.71771875,0.10231918790277822,1.0
85,245,926,0.7406875,0.11181075640151206,1.0
86,1807,463,0.8385,0.14369614244631354,1.0
87,1797,226,0.7445625,0.0685239200929896,1.0
88,461,442,0.5088125,0.03599302227608729,1.0
89,237,206,0.52075,0.16983292620825874,1.0
90,948,433,0.8268125,0.12247480833170457,1.0
91,504,415,0.6683125,0.02825108634537382,1.0
92,1819,27,0.75684375,0.123165396791443,1.0
93,1702,48,0.6495,0.13709653615012923,1.0
94,582,121,0.60759375,0.12482182948746295,1.0
95,502,368,0.77165625,0.1579915386550607,1.0
96,214,635,0.795375,0.04230470794428357,1.0
97,723,300,0.674625,0.12028774990927163,1.0
98,432,855,0.544875,0.12018961953923628,1.0
99,830,189,0.905375,0.04840815297145358,1.0
100,1406,161,0.69921875,0.10685022168478227,1.0
101,1733,746,0.6455625,0.050433717372287384,1.0
102,1844,476,0.7723125,0.14119394080611575,1.0
103,1668,618,0.63509375,0.07410025893339499,1.0
104,1008,822,0.68934375,0.03738657035391116,1.0
105,1089,893,0.6151875,0.11992580574294441,1.0
106,1817,475,0.67584375,0.1547407869198802,1.0
107,724,219,0.63815625,0.11281213818953785,1.0
108,1657,280,0.685,0.049902074030046845,1.0
109,1628,205,0.68271875,0.14793171210440548,1.0
110,680,340,0.78775,0.16297866409082823,1.0
111,942,425,0.80496875,0.10265776380281419,1.0
112,1154,504,0.5868125,0.14207609596712945,1.0
113,349,78,0.72446875,0.09150540118720868,1.0
114,170,538,0.6113125,0.15396874408788178,1.0
115,1493,23,0.8126875,0.07513288772856282,1.0
116,1627,676,0.65640625,0.0888802236445713,1.0
117,0,217,0.522125,0.05467399588242758,1.0
118,717,913,0.67971875,0.09992501124536889,1.0
119,901,714,0.87784375,0.05482438261233056,1.0
120,998,167,0.6855625,0.09036755062274011,1.0
121,486,492,0.65125,0.11232195617198834,1.0
122,944,208,0.6100625,0.02964924481684575,1.0
123,645,189,0.666125,0.07991811590314699,1.0
124,113,875,0.74396875,0.08092876079848196,1.0