0,1850,19,0.19538461538461538,0.11572044625858408,1.0
1,6,670,0.24307692307692308,0.1105596843530423,1.0
2,1658,415,0.16384615384615384,0.07136125817355721,1.0
3,1326,15,0.2123076923076923,0.21256534090263754,1.0
4,262,244,0.1376923076923077,0.07830030781813882,1.0
5,598,926,0.25384615384615383,0.06032662318011841,1.0
6,1594,828,0.21461538461538462,0.16566017368381136,1.0
7,835,347,0.18153846153846154,0.09443352058222101,1.0
8,300,847,0.25384615384615383,0.12194496793805856,1.0
9,773,264,0.17615384615384616,0.10958331212250881,1.0
10,286,236,0.16923076923076924,0.13483988505429856,1.0
11,45,307,0.16384615384615384,0.12838950506580313,1.0
12,1654,201,0.21307692307692308,0.04064902565526793,1.0
13,256,494,0.2823076923076923,0.06543675749553958,1.0
14,341,520,0.16538461538461538,0.07261327536111352,1.0
15,264,191,0.15615384615384614,0.006159910699107707,1.0
16,740,164,0.17307692307692307,0.1102359400416234,1.0
17,509,146,0.1723076923076923,0.1690467383590022,1.0
18,660,655,0.18769230769230769,0.14445631661516806,1.0
19,1404,542,0.17846153846153845,0.010438973523890449,1.0
20,311,177,0.27076923076923076,0.09861821828789355,1.0
21,1628,458,0.20307692307692307,0.1550236330637658,1.0
22,1166,681,0.1576923076923077,0.07906986779809713,1.0
23,1663,193,0.21846153846153846,0.11993204187991803,1.0
24,1166,219,0.15615384615384614,-0.018219701784778747,1.0
25,914,0,0.19923076923076924,0.12026443558115159,1.0
26,478,248,0.1976923076923077,0.09864477398383274,1.0
27,1603,139,0.19538461538461538,0.12990411174310268,1.0
28,952,817,0.21846153846153846,0.10359209279072541,1.0
29,216,192,0.25076923076923074,0.08444157846205125,1.0
30,756,164,0.15615384615384614,0.06111250546519161,1.0
31,1396,455,0.21076923076923076,0.12032300922915569,1.0
32,943,719,0.21153846153846154,0.07238295910700393,1.0
33,731,707,0.15538461538461537,0.17304467415263813,1.0
34,1785,243,0.1276923076923077,0.03874917735705657,1.0
35,1370,683,0.18153846153846154,0.08976954577368672,1.0
36,708,449,0.1576923076923077,0.09798123421311739,1.0
37,10,0,0.1946153846153846,0.09202676956952259,1.0
38,238,11,0.2653846153846154,0.1544976660526656,1.0
39,701,697,0.23461538461538461,0.14484333201861987,1.0
40,987,739,0.14153846153846153,0.13721668214614163,1.0
41,449,1,0.16615384615384615,0.05954775783658925,1.0
42,706,204,0.31,0.14294160910593054,1.0
43,570,117,0.19076923076923077,0.12670435016623335,1.0
44,1096,912,0.23923076923076922,0.07654945721454354,1.0
45,871,366,0.2023076923076923,0.0306371491404928,1.0
46,274,862,0.19692307692307692,0.05075217182744024,1.0
47,450,902,0.1853846153846154,0.15994138111423528,1.0
48,1594,11,0.2276923076923077,0.15608880593024926,1.0
49,210,692,0.2376923076923077,0.0806408990911587,1.0
50,1735,624,0.1946153846153846,0.15159015310834448,1.0
51,439,370,0.21153846153846154,0.11523823369619147,1.0
52,1474,82,0.18384615384615385,0.037920011863356445,1.0
53,1163,570,0.18923076923076923,0.0930129881017065,1.0
54,365,444,0.21307692307692308,0.07391795459697563,1.0
55,1179,350,0.24615384615384617,0.102002747185104,1.0
56,447,663,0.15846153846153846,0.17215774580160353,1.0
57,647,332,0.1853846153846154,0.08620618407565557,1.0
58,194,303,0.13,-0.041193523749697425,1.0
59,900,23,0.18384615384615385,0.037696107696540394,1.0
60,1411,448,0.1853846153846154,0.11827092736130598,1.0
61,1177,677,0.2123076923076923,0.034640853857139775,1.0
62,957,226,0.14615384615384616,0.11679007180195941,1.0
63,1190,458,0.19076923076923077,0.1024763283082136,1.0
64,1180,221,0.21,0.10399788778259178,1.0
65,1411,224,0.1723076923076923,0.0802368101760044,1.0
66,1639,458,0.20692307692307693,0.19086214799468837,1.0
67,1137,152,0.13692307692307693,0.059738696241680274,1.0
68,471,5,0.18692307692307691,0.1875552702680836,1.0
69,960,921,0.2561538461538462,0.14709004277760357,1.0
70,1175,924,0.21307692307692308,0.10698780838952493,1.0
71,440,820,0.1646153846153846,0.14769844581951394,1.0
72,1117,743,0.18615384615384614,0.12042161196825882,1.0
73,1634,288,0.16615384615384615,0.08536258874300942,1.0
74,1714,681,0.1376923076923077,0.05006957584260349,1.0
75,1817,727,0.21384615384615385,0.14859758279152718,1.0
76,715,714,0.2,0.05420687039544886,1.0
77,738,256,0.23307692307692307,0.15002437958606285,1.0
78,1349,173,0.19846153846153847,0.037342058134790704,1.0
79,475,235,0.19923076923076924,0.05701942280665059,1.0
80,939,452,0.19076923076923077,0.14302396064498238,1.0
81,1835,747,0.24769230769230768,0.12375149996319826,1.0
82,43,8,0.20461538461538462,0.21595355847225095,1.0
83,493,231,0.26384615384615384,0.09675804304941256,1.0
84,52,925,0.21153846153846154,0.056699386739245745,1.0
85,245,926,0.19384615384615383,0.10575981789543892,1.0
86,1807,463,0.19153846153846155,0.08978637906203518,1.0
87,1797,226,0.21307692307692308,0.09676779360607175,1.0
88,461,442,0.11615384615384615,0.08004164325777804,1.0
89,237,206,0.13692307692307693,0.12644517438374142,1.0
90,948,433,0.24307692307692308,0.12790381166534628,1.0
91,504,415,0.21076923076923076,0.12837254469186837,1.0
92,1819,27,0.20692307692307693,0.10991368221819905,1.0
93,1702,48,0.17846153846153845,0.11986097277418511,1.0
94,582,121,0.15538461538461537,0.10366000994152047,1.0
95,502,368,0.18923076923076923,0.07639564352410298,1.0
96,214,635,0.2453846153846154,0.19227599003298645,1.0
97,723,300,0.16692307692307692,-0.004506964688280199,1.0
98,432,855,0.16230769230769232,0.11945204208854818,1.0
99,830,189,0.24769230769230768,0.01624232863987571,1.0
100,1406,161,0.1723076923076923,0.10335035186520872,1.0
101,1733,746,0.18769230769230769,0.06412742841241428,1.0
102,1844,476,0.19230769230769232,0.08509683655873249,1.0
103,1668,618,0.1976923076923077,0.14870356813041852,1.0
104,1008,822,0.18153846153846154,0.0948058560395434,1.0
105,1089,893,0.16923076923076924,0.07505563508544805,1.0
106,1817,475,0.18692307692307691,0.0346015168719902,1.0
107,724,219,0.16615384615384615,0.10707702905329135,1.0
108,1657,280,0.17461538461538462,-0.005071588589934131,1.0
109,1628,205,0.1676923076923077,0.068049280134137,1.0
110,680,340,0.19384615384615383,0.04322588401602395,1.0
111,942,425,0.21307692307692308,0.09310678911717463,1.0
112,1154,504,0.15615384615384614,0.14207080522535398,1.0
113,349,78,0.1930769230769231,0.04291527004656346,1.0
114,170,538,0.17846153846153845,0.1623504550048943,1.0
115,1493,23,0.21076923076923076,0.10310121677139536,1.0
116,1627,676,0.18923076923076923,0.08699483121156135,1.0
117,0,217,0.14615384615384616,0.03168843985464101,1.0
118,717,913,0.1753846153846154,0.09150167125735793,1.0
119,901,714,0.2815384615384615,0.16069009654440516,1.0
120,998,167,0.1946153846153846,0.04102454801228818,1.0
121,486,492,0.16923076923076924,0.08020348856546072,1.0
122,944,208,0.17307692307692307,0.08902012621235475,1.0
123,645,189,0.1946153846153846,0.15616180670158586,1.0
124,113,875,0.19615384615384615,0.11481537808450941,1.0