0,1850,19,0.34365625,0.09136833444307042,1.0
1,6,670,0.34921875,0.1271628551393645,1.0
2,1658,415,0.34421875,0.17506296531680635,1.0
3,1326,15,0.34121875,0.08722297891805852,1.0
4,262,244,0.3435625,0.10221312416454054,1.0
5,598,926,0.34684375,0.10797958663743813,1.0
6,1594,828,0.34290625,0.08057559568361414,1.0
7,835,347,0.3365625,0.072259678700145,1.0
8,300,847,0.35171875,0.08826055427809555,1.0
9,773,264,0.349875,0.09495577667225101,1.0
10,286,236,0.35025,0.09900064207543818,1.0
11,45,307,0.3356875,0.10509408982758704,1.0
12,1654,201,0.3405,0.17988283940449673,1.0
13,256,494,0.3361875,0.06515059856585231,1.0
14,341,520,0.35534375,0.11894861160369574,1.0
15,264,191,0.321,0.09855972875394729,1.0
16,740,164,0.36125,0.03874474192282576,1.0
17,509,146,0.33228125,0.1400616969346355,1.0
18,660,655,0.34309375,0.09116918506094757,1.0
19,1404,542,0.33284375,0.09606042090139924,1.0
20,311,177,0.33315625,0.15264572769629314,1.0
21,1628,458,0.3464375,0.049946804025893035,1.0
22,1166,681,0.33121875,0.050621783549001674,1.0
23,1663,193,0.35421875,0.11353465926576399,1.0
24,1166,219,0.35225,0.13923884571944675,1.0
25,914,0,0.3405625,0.14814644558194703,1.0
26,478,248,0.34934375,0.11429691958611592,1.0
27,1603,139,0.32496875,0.08446277283029208,1.0
28,952,817,0.3355625,0.1374687029298611,1.0
29,216,192,0.3260625,0.06309647912956402,1.0
30,756,164,0.32565625,0.07549030817313682,1.0
31,1396,455,0.3489375,0.1546581964394404,1.0
32,943,719,0.34465625,0.12074476391917291,1.0
33,731,707,0.34709375,0.026267354753112024,1.0
34,1785,243,0.36040625,0.12151006172769536,1.0
35,1370,683,0.31834375,0.08130854591617422,1.0
36,708,449,0.3319375,0.146847683754393,1.0
37,10,0,0.33246875,0.12189816626168953,1.0
38,238,11,0.33571875,0.13589045414060624,1.0
39,701,697,0.36615625,0.09765327761664641,1.0
40,987,739,0.35175,0.03670715194579023,1.0
41,449,1,0.33728125,0.07596407693386249,1.0
42,706,204,0.36059375,0.17939600686180399,1.0
43,570,117,0.35390625,0.07348646292606442,1.0
44,1096,912,0.3643125,0.22411005945866835,1.0
45,871,366,0.35484375,0.08247668316418957,1.0
46,274,862,0.3298125,0.040632673011189606,1.0
47,450,902,0.3375,0.06403057151308694,1.0
48,1594,11,0.3304375,0.06389603409775478,1.0
49,210,692,0.36528125,0.14844620568312528,1.0
50,1735,624,0.3536875,0.1420425120410359,1.0
51,439,370,0.35928125,0.16233795414363272,1.0
52,1474,82,0.3284375,0.08861796462257601,1.0
53,1163,570,0.36325,0.178689973818736,1.0
54,365,444,0.34103125,0.10284277966221886,1.0
55,1179,350,0.34046875,0.07937613349264323,1.0
56,447,663,0.35671875,0.13358427557738226,1.0
57,647,332,0.3570625,0.07710531012633573,1.0
58,194,303,0.34309375,0.007224669100182823,1.0
59,900,23,0.34834375,0.10839131696055657,1.0
60,1411,448,0.33525,0.0822896363751787,1.0
61,1177,677,0.345,0.11055549283434953,1.0
62,957,226,0.336875,0.06773880965465226,1.0
63,1190,458,0.351125,0.08057341930472621,1.0
64,1180,221,0.3440625,0.09664226671453521,1.0
65,1411,224,0.34875,0.09214313166207917,1.0
66,1639,458,0.355125,0.20897631588970347,1.0
67,1137,152,0.318375,0.10505113261874272,1.0
68,471,5,0.33596875,0.003839605873211749,1.0
69,960,921,0.325375,0.08622099299986387,1.0
70,1175,924,0.32503125,0.16188564067826763,1.0
71,440,820,0.35390625,0.14785862868916716,1.0
72,1117,743,0.34346875,0.16898432379955247,1.0
73,1634,288,0.34165625,0.1604771223121356,1.0
74,1714,681,0.3398125,0.09860796493337844,1.0
75,1817,727,0.34109375,0.12057197190975952,1.0
76,715,714,0.337,0.11090755051025485,1.0
77,738,256,0.34540625,0.09775155454034679,1.0
78,1349,173,0.34478125,-0.02327389174665799,1.0
79,475,235,0.3608125,0.0937887729005922,1.0
80,939,452,0.34259375,0.1309773671266643,1.0
81,1835,747,0.3329375,0.1193021583855702,1.0
82,43,8,0.33028125,0.04729471231550473,1.0
83,493,231,0.33103125,0.01801299450581094,1.0
84,52,925,0.342,0.029449219216559616,1.0
85,245,926,0.3510625,0.0742357587746284,1.0
86,1807,463,0.34121875,0.14024246885787603,1.0
87,1797,226,0.32440625,0.11010899156463082,1.0
88,461,442,0.33590625,0.012841138737652996,1.0
89,237,206,0.345125,0.04766521169313157,1.0
90,948,433,0.35390625,0.12052523821089256,1.0
91,504,415,0.35421875,0.10584235050888167,1.0
92,1819,27,0.348375,0.1082359620685316,1.0
93,1702,48,0.352125,0.010006842548480804,1.0
94,582,121,0.3324375,0.11881799646653537,1.0
95,502,368,0.3314375,0.07564014914270945,1.0
96,214,635,0.35553125,0.12987121159315615,1.0
97,723,300,0.355125,0.1363275936642499,1.0
98,432,855,0.33065625,0.09198167872154579,1.0
99,830,189,0.36621875,0.170791124142483,1.0
100,1406,161,0.34146875,0.02672523119547697,1.0
101,1733,746,0.33296875,0.13132083443625414,1.0
102,1844,476,0.34190625,0.11268628033967124,1.0
103,1668,618,0.3441875,0.04877916749417713,1.0
104,1008,822,0.341875,0.07382188295170009,1.0
105,1089,893,0.33153125,0.122345350629866,1.0
106,1817,475,0.345625,0.11751775368094725,1.0
107,724,219,0.358625,0.03412209402967513,1.0
108,1657,280,0.35159375,0.025122785987118715,1.0
109,1628,205,0.3534375,0.15292419213042796,1.0
110,680,340,0.34125,0.04513954805881729,1.0
111,942,425,0.36365625,0.13635662110446625,1.0
112,1154,504,0.33534375,0.013225487482172699,1.0
113,349,78,0.341375,0.1164890806393211,1.0
114,170,538,0.3219375,0.1252274218831669,1.0
115,1493,23,0.33409375,0.1618102546550253,1.0
116,1627,676,0.35271875,0.17628649462962437,1.0
117,0,217,0.3375,0.11883096103885317,1.0
118,717,913,0.35103125,0.19980139463424618,1.0
119,901,714,0.3265,0.10791390819295023,1.0
120,998,167,0.32615625,0.14019024142921846,1.0
121,486,492,0.32871875,0.08940209810594145,1.0
122,944,208,0.331625,0.05529943255183999,1.0
123,645,189,0.34965625,0.034948365651971805,1.0
124,113,875,0.35359375,0.1104633211111573,1.0