0,1850,19,0.0,0.0,1.0
1,6,670,0.3756875,0.0,1.0
2,1658,415,0.96165625,0.0,1.0
3,1326,15,0.0,0.0,1.0
4,262,244,0.17559375,0.0,1.0
5,598,926,0.11371875,0.0,1.0
6,1594,828,0.23865625,0.0,1.0
7,835,347,0.62540625,0.0,1.0
8,300,847,0.89353125,0.0,1.0
9,773,264,0.999,0.0,1.0
10,286,236,0.95896875,0.0,1.0
11,45,307,0.0995,0.0,1.0
12,1654,201,0.89890625,0.0,1.0
13,256,494,0.97809375,0.0,1.0
14,341,520,0.90615625,0.0,1.0
15,264,191,0.9999375,0.0,1.0
16,740,164,0.0,0.0,1.0
17,509,146,0.943,0.0,1.0
18,660,655,0.285375,0.0,1.0
19,1404,542,0.498,0.0,1.0
20,311,177,0.561,0.0,1.0
21,1628,458,0.2149375,0.0,1.0
22,1166,681,0.0,0.0,1.0
23,1663,193,0.7708125,0.0,1.0
24,1166,219,0.778125,0.0,1.0
25,914,0,0.1019375,0.0,1.0
26,478,248,0.212,0.0,1.0
27,1603,139,0.0,0.0,1.0
28,952,817,0.0710625,0.0,1.0
29,216,192,0.51834375,0.0,1.0
30,756,164,0.0,0.0,1.0
31,1396,455,0.15890625,0.0,1.0
32,943,719,0.8884375,0.0,1.0
33,731,707,0.29428125,0.0,1.0
34,1785,243,0.0,0.0,1.0
35,1370,683,0.4994375,0.0,1.0
36,708,449,0.3008125,0.0,1.0
37,10,0,0.0285625,0.0,1.0
38,238,11,0.50146875,0.0,1.0
39,701,697,0.509125,0.0,1.0
40,987,739,0.99678125,0.0,1.0
41,449,1,0.0,0.0,1.0
42,706,204,0.86434375,0.0,1.0
43,570,117,0.12453125,0.0,1.0
44,1096,912,0.0,0.0,1.0
45,871,366,0.0,0.0,1.0
46,274,862,0.905375,0.0,1.0
47,450,902,0.0,0.0,1.0
48,1594,11,0.0,0.0,1.0
49,210,692,0.0,0.0,1.0
50,1735,624,0.22215625,0.0,1.0
51,439,370,0.11225,0.0,1.0
52,1474,82,0.46434375,0.0,1.0
53,1163,570,0.2809375,0.0,1.0
54,365,444,0.110625,0.0,1.0
55,1179,350,0.639125,0.0,1.0
56,447,663,0.78625,0.0,1.0
57,647,332,0.0,0.0,1.0
58,194,303,0.987375,0.0,1.0
59,900,23,0.459,0.0,1.0
60,1411,448,0.47,0.0,1.0
61,1177,677,0.9561875,0.0,1.0
62,957,226,0.3865625,0.0,1.0
63,1190,458,0.7596875,0.0,1.0
64,1180,221,0.0,0.0,1.0
65,1411,224,0.61571875,0.0,1.0
66,1639,458,0.88878125,0.0,1.0
67,1137,152,0.45915625,0.0,1.0
68,471,5,0.14215625,0.0,1.0
69,960,921,0.3349375,0.0,1.0
70,1175,924,0.05684375,0.0,1.0
71,440,820,0.05209375,0.0,1.0
72,1117,743,0.42553125,0.0,1.0
73,1634,288,0.0,0.0,1.0
74,1714,681,0.2855625,0.0,1.0
75,1817,727,0.48071875,0.0,1.0
76,715,714,0.39628125,0.0,1.0
77,738,256,0.20075,0.0,1.0
78,1349,173,0.97228125,0.0,1.0
79,475,235,0.9888125,0.0,1.0
80,939,452,0.91515625,0.0,1.0
81,1835,747,0.77565625,0.0,1.0
82,43,8,0.0,0.0,1.0
83,493,231,0.07065625,0.0,1.0
84,52,925,0.0,0.0,1.0
85,245,926,0.23715625,0.0,1.0
86,1807,463,0.209125,0.0,1.0
87,1797,226,0.3591875,0.0,1.0
88,461,442,0.0,0.0,1.0
89,237,206,0.3986875,0.0,1.0
90,948,433,0.8650625,0.0,1.0
91,504,415,0.61003125,0.0,1.0
92,1819,27,0.0,0.0,1.0
93,1702,48,0.57265625,0.0,1.0
94,582,121,0.501875,0.0,1.0
95,502,368,0.98334375,0.0,1.0
96,214,635,0.55603125,0.0,1.0
97,723,300,0.8819375,0.0,1.0
98,432,855,0.849125,0.0,1.0
99,830,189,0.24109375,0.0,1.0
100,1406,161,0.1256875,0.0,1.0
101,1733,746,0.0,0.0,1.0
102,1844,476,0.14396875,0.0,1.0
103,1668,618,0.9940625,0.0,1.0
104,1008,822,0.09084375,0.0,1.0
105,1089,893,0.817875,0.0,1.0
106,1817,475,0.33940625,0.0,1.0
107,724,219,0.7405625,0.0,1.0
108,1657,280,0.924,0.0,1.0
109,1628,205,0.9655625,0.0,1.0
110,680,340,0.44078125,0.0,1.0
111,942,425,0.0,0.0,1.0
112,1154,504,0.36396875,0.0,1.0
113,349,78,0.0995,0.0,1.0
114,170,538,0.0,0.0,1.0
115,1493,23,0.450875,0.0,1.0
116,1627,676,0.45025,0.0,1.0
117,0,217,0.3994375,0.0,1.0
118,717,913,0.9999375,0.0,1.0
119,901,714,0.2905625,0.0,1.0
120,998,167,0.29284375,0.0,1.0
121,486,492,0.65475,0.0,1.0
122,944,208,0.9368125,0.0,1.0
123,645,189,0.205375,0.0,1.0
124,113,875,0.11934375,0.0,1.0