0,1850,19,0.323625,0.06804433561484421,1.0
1,6,670,0.29628125,0.053302198417586294,1.0
2,1658,415,0.26709375,0.051019677782518154,1.0
3,1326,15,0.349,0.04103307226342512,1.0
4,262,244,0.3336875,0.03950481146161398,1.0
5,598,926,0.3041875,0.045595219460475796,1.0
6,1594,828,0.3786875,0.05307492763224928,1.0
7,835,347,0.3255,0.05140557823369167,1.0
8,300,847,0.39396875,0.05446622078345016,1.0
9,773,264,0.2720625,0.0452927745294337,1.0
10,286,236,0.319625,0.04752365853724486,1.0
11,45,307,0.26678125,0.04768128646581189,1.0
12,1654,201,0.34234375,0.04630016318269451,1.0
13,256,494,0.2806875,0.04652499230661748,1.0
14,341,520,0.33740625,0.05594782260563377,1.0
15,264,191,0.31071875,0.0208059597519986,1.0
16,740,164,0.3126875,0.055924107265720925,1.0
17,509,146,0.27375,0.03830115723276714,1.0
18,660,655,0.41971875,0.04929590793610188,1.0
19,1404,542,0.3969375,0.058101992356123754,1.0
20,311,177,0.28578125,0.059239719743192865,1.0
21,1628,458,0.231375,0.0339353297272071,1.0
22,1166,681,0.39240625,0.058154260448564664,1.0
23,1663,193,0.43025,0.055003832941598205,1.0
24,1166,219,0.3955,0.05183842350674939,1.0
25,914,0,0.29403125,0.05305850269306056,1.0
26,478,248,0.3334375,0.046568195830984115,1.0
27,1603,139,0.5374375,0.051292291752185123,1.0
28,952,817,0.36415625,0.03978822110690615,1.0
29,216,192,0.275625,0.04374119824033303,1.0
30,756,164,0.4371875,0.04945696490128029,1.0
31,1396,455,0.405875,0.0593373755391935,1.0
32,943,719,0.3266875,0.04595789031131625,1.0
33,731,707,0.463875,0.04134873909951142,1.0
34,1785,243,0.3070625,0.04077218245246683,1.0
35,1370,683,0.37309375,0.06461169086186279,1.0
36,708,449,0.351875,0.03632619681798341,1.0
37,10,0,0.37140625,0.05638006549662612,1.0
38,238,11,0.29421875,0.05500428839762883,1.0
39,701,697,0.464375,0.049218797354829945,1.0
40,987,739,0.23953125,0.04250577682351378,1.0
41,449,1,0.299125,0.06481438370322584,1.0
42,706,204,0.327875,0.049139572806973994,1.0
43,570,117,0.327,0.05072038829435157,1.0
44,1096,912,0.25640625,0.04881308555743941,1.0
45,871,366,0.3886875,0.018892224228802997,1.0
46,274,862,0.29953125,0.03235815248960293,1.0
47,450,902,0.35171875,0.06015969550192884,1.0
48,1594,11,0.3401875,0.05466109199153494,1.0
49,210,692,0.31134375,0.046295394141992095,1.0
50,1735,624,0.35325,0.04794944792248977,1.0
51,439,370,0.36796875,0.04058643046298968,1.0
52,1474,82,0.33934375,0.06139857299484711,1.0
53,1163,570,0.50646875,0.05334761136307157,1.0
54,365,444,0.3525,0.05036158212435614,1.0
55,1179,350,0.35775,0.049207345081640784,1.0
56,447,663,0.3451875,0.05263330175432394,1.0
57,647,332,0.38175,0.029877415370173296,1.0
58,194,303,0.34115625,0.04327181984682937,1.0
59,900,23,0.34453125,0.03891300050295204,1.0
60,1411,448,0.29584375,0.043486655621452784,1.0
61,1177,677,0.31040625,0.04661425852116123,1.0
62,957,226,0.44065625,0.05331959771495213,1.0
63,1190,458,0.3148125,0.07299147834768101,1.0
64,1180,221,0.3001875,0.041485992625719066,1.0
65,1411,224,0.36115625,0.04464997674315071,1.0
66,1639,458,0.3365625,0.05503972900364004,1.0
67,1137,152,0.29534375,0.044210943491793386,1.0
68,471,5,0.398875,0.04877754511139031,1.0
69,960,921,0.35565625,0.04986828867276949,1.0
70,1175,924,0.2829375,0.03348754178472161,1.0
71,440,820,0.35403125,0.043010928151873296,1.0
72,1117,743,0.445,0.054439636508213,1.0
73,1634,288,0.245625,0.033691608281085125,1.0
74,1714,681,0.362875,0.06735205963844433,1.0
75,1817,727,0.397,0.06807767331077211,1.0
76,715,714,0.3359375,0.04589154934296968,1.0
77,738,256,0.28921875,0.05019245341080057,1.0
78,1349,173,0.31003125,0.04836045874522466,1.0
79,475,235,0.31625,0.05292331432195965,1.0
80,939,452,0.42846875,0.059833094390926184,1.0
81,1835,747,0.31415625,0.05234080049767649,1.0
82,43,8,0.29559375,0.057523338679845555,1.0
83,493,231,0.30934375,0.07331601780352016,1.0
84,52,925,0.33265625,0.0383589760506646,1.0
85,245,926,0.432,0.05133979748666149,1.0
86,1807,463,0.3681875,0.04833568294244922,1.0
87,1797,226,0.3655,0.053209596219062856,1.0
88,461,442,0.221625,0.052252584204601396,1.0
89,237,206,0.19209375,0.038792966074607665,1.0
90,948,433,0.27725,0.043564387695405056,1.0
91,504,415,0.382375,0.057404074050672146,1.0
92,1819,27,0.472875,0.05597263286872702,1.0
93,1702,48,0.3548125,0.05478287129215123,1.0
94,582,121,0.293125,0.05335644514870607,1.0
95,502,368,0.3020625,0.04908316256377615,1.0
96,214,635,0.4183125,0.04803220984484687,1.0
97,723,300,0.35403125,0.03415147812050151,1.0
98,432,855,0.3935625,0.04992742051116969,1.0
99,830,189,0.30275,0.06515410640208646,1.0
100,1406,161,0.33325,0.07484304383454833,1.0
101,1733,746,0.226875,0.042026118903665435,1.0
102,1844,476,0.34009375,0.05547871088108694,1.0
103,1668,618,0.40034375,0.051187675051641936,1.0
104,1008,822,0.33625,0.048515104487081566,1.0
105,1089,893,0.29884375,0.041547501997305614,1.0
106,1817,475,0.32659375,0.04366508153168929,1.0
107,724,219,0.26875,0.03601791695115282,1.0
108,1657,280,0.57071875,0.062409454691649324,1.0
109,1628,205,0.41909375,0.04961695129128565,1.0
110,680,340,0.31378125,0.04176404617775319,1.0
111,942,425,0.26375,0.05720938816014118,1.0
112,1154,504,0.32621875,0.04015450191883684,1.0
113,349,78,0.3870625,0.04499508542917639,1.0
114,170,538,0.37765625,0.0481171996260856,1.0
115,1493,23,0.35178125,0.03912725895944623,1.0
116,1627,676,0.34625,0.05043023290781471,1.0
117,0,217,0.36190625,0.028047763311753824,1.0
118,717,913,0.2805,0.055905440723642987,1.0
119,901,714,0.39159375,0.04890533072993184,1.0
120,998,167,0.47,0.05167985108710439,1.0
121,486,492,0.239625,0.05118204691649939,1.0
122,944,208,0.3174375,0.04412422333491955,1.0
123,645,189,0.26959375,0.04374121237794477,1.0
124,113,875,0.247,0.03432949824584283,1.0