0,1850,19,0.11615384615384615,0.03478895842591041,1.0
1,6,670,0.09,0.05154312431252859,1.0
2,1658,415,0.03076923076923077,0.07404757509779601,1.0
3,1326,15,0.07461538461538461,0.03650117069708811,1.0
4,262,244,0.09384615384615384,0.05639766682075457,1.0
5,598,926,0.12615384615384614,0.047612961882057325,1.0
6,1594,828,0.006923076923076923,0.05802302891742218,1.0
7,835,347,0.07,0.029602701502986054,1.0
8,300,847,0.05615384615384615,0.05050803080999549,1.0
9,773,264,0.08846153846153847,0.0555402642060486,1.0
10,286,236,0.14461538461538462,0.04947500749984385,1.0
11,45,307,0.12692307692307692,0.04531505476480947,1.0
12,1654,201,0.1646153846153846,0.04466676081361662,1.0
13,256,494,0.11384615384615385,0.05824532649295931,1.0
14,341,520,0.13076923076923078,0.03946540636232887,1.0
15,264,191,0.11076923076923077,0.052926662491875644,1.0
16,740,164,0.12153846153846154,0.05495807211441438,1.0
17,509,146,0.0876923076923077,0.03517753004209727,1.0
18,660,655,0.07307692307692308,0.058085836360800266,1.0
19,1404,542,0.13384615384615384,0.04623625661072232,1.0
20,311,177,0.11384615384615385,0.06469280848935569,1.0
21,1628,458,0.06153846153846154,0.0598628455365774,1.0
22,1166,681,0.09,0.043851142639256074,1.0
23,1663,193,0.07769230769230769,0.05216076589665209,1.0
24,1166,219,0.11692307692307692,0.04357437486791278,1.0
25,914,0,0.006923076923076923,0.04721997723195739,1.0
26,478,248,0.052307692307692305,0.031465008207039444,1.0
27,1603,139,0.13230769230769232,0.039690729048783034,1.0
28,952,817,0.055384615384615386,0.04357571823049735,1.0
29,216,192,0.13846153846153847,0.053860526752743484,1.0
30,756,164,0.06076923076923077,0.0396782608202019,1.0
31,1396,455,0.04923076923076923,0.052629535519356625,1.0
32,943,719,0.11538461538461539,0.04891575044625787,1.0
33,731,707,0.15384615384615385,0.0550816928789338,1.0
34,1785,243,0.06076923076923077,0.051977634313632774,1.0
35,1370,683,0.06769230769230769,0.05015173435664938,1.0
36,708,449,0.11076923076923077,0.05380280319065096,1.0
37,10,0,0.10692307692307693,0.07313874358940926,1.0
38,238,11,0.07076923076923076,0.06546451726816911,1.0
39,701,697,0.07846153846153846,0.045198707389870384,1.0
40,987,739,0.10461538461538461,0.06170456853095231,1.0
41,449,1,0.06923076923076923,0.05252237925491024,1.0
42,706,204,0.04923076923076923,0.05704462800291115,1.0
43,570,117,0.09692307692307692,0.058429147977057956,1.0
44,1096,912,0.09923076923076923,0.043340675454043485,1.0
45,871,366,0.09538461538461539,0.039519722448875944,1.0
46,274,862,0.06307692307692307,0.058070523809734986,1.0
47,450,902,0.10153846153846154,0.04110817548068305,1.0
48,1594,11,0.045384615384615384,0.04195047557435421,1.0
49,210,692,0.13307692307692306,0.04912473711917853,1.0
50,1735,624,0.0823076923076923,0.05810487167298961,1.0
51,439,370,0.13846153846153847,0.04427725296690757,1.0
52,1474,82,0.025384615384615384,0.05434714579474621,1.0
53,1163,570,0.15538461538461537,0.0445467753204135,1.0
54,365,444,0.1376923076923077,0.03789756698771078,1.0
55,1179,350,0.10230769230769231,0.04877351024099833,1.0
56,447,663,0.06,0.039489649776183404,1.0
57,647,332,0.05692307692307692,0.06559801001767265,1.0
58,194,303,0.12846153846153846,0.043368743129880274,1.0
59,900,23,0.06923076923076923,0.051846023138467916,1.0
60,1411,448,0.08461538461538462,0.051031751744553454,1.0
61,1177,677,0.11384615384615385,0.047892410115214945,1.0
62,957,226,0.1076923076923077,0.05318544263980501,1.0
63,1190,458,0.023076923076923078,0.035064955321235505,1.0
64,1180,221,0.12307692307692308,0.06128226497151654,1.0
65,1411,224,0.12307692307692308,0.0431572038939297,1.0
66,1639,458,0.12692307692307692,0.06948787596267333,1.0
67,1137,152,0.05923076923076923,0.05961540093888701,1.0
68,471,5,0.03,0.04211938129100429,1.0
69,960,921,0.11846153846153847,0.05465243625907433,1.0
70,1175,924,0.11692307692307692,0.06930597051933696,1.0
71,440,820,0.046153846153846156,0.063540074878264,1.0
72,1117,743,0.08153846153846153,0.058630804426624966,1.0
73,1634,288,0.10384615384615385,0.04077251285571743,1.0
74,1714,681,0.14153846153846153,0.043747397564121514,1.0
75,1817,727,0.10230769230769231,0.03463334700964474,1.0
76,715,714,0.06692307692307692,0.04158518122922303,1.0
77,738,256,0.1346153846153846,0.042474506057183045,1.0
78,1349,173,0.05,0.06301577286294263,1.0
79,475,235,0.09153846153846154,0.06229959624967432,1.0
80,939,452,0.07461538461538461,0.05277377904919613,1.0
81,1835,747,0.04692307692307692,0.053354035543145176,1.0
82,43,8,0.09384615384615384,0.06504642706408571,1.0
83,493,231,0.10538461538461538,0.060337109288844094,1.0
84,52,925,0.010769230769230769,0.05212722549704885,1.0
85,245,926,0.1523076923076923,0.03686155883898374,1.0
86,1807,463,0.14076923076923076,0.052938045023646664,1.0
87,1797,226,0.11384615384615385,0.04082578569427012,1.0
88,461,442,0.15153846153846154,0.05218923314964487,1.0
89,237,206,0.08307692307692308,0.05760044140294582,1.0
90,948,433,0.07384615384615385,0.0403817441789801,1.0
91,504,415,0.11846153846153847,0.054479255496668336,1.0
92,1819,27,0.06384615384615384,0.05373889061941094,1.0
93,1702,48,0.09384615384615384,0.053994614903476755,1.0
94,582,121,0.17923076923076922,0.0584908206233416,1.0
95,502,368,0.09692307692307692,0.059714996249183944,1.0
96,214,635,0.08846153846153847,0.039830227751782354,1.0
97,723,300,0.13692307692307693,0.059731588587748484,1.0
98,432,855,0.09461538461538462,0.06344592927883994,1.0
99,830,189,0.06384615384615384,0.06107462750974374,1.0
100,1406,161,0.09,0.04659942532598721,1.0
101,1733,746,0.0823076923076923,0.04081179340020311,1.0
102,1844,476,0.17153846153846153,0.0610019627978752,1.0
103,1668,618,0.11,0.04101949333140857,1.0
104,1008,822,0.09615384615384616,0.05625525442275252,1.0
105,1089,893,0.05692307692307692,0.056621333467430666,1.0
106,1817,475,0.026923076923076925,0.04858680809045208,1.0
107,724,219,0.11923076923076924,0.045360144483493604,1.0
108,1657,280,0.1276923076923077,0.06041138730826951,1.0
109,1628,205,0.09230769230769231,0.04602751831893831,1.0
110,680,340,0.1423076923076923,0.04957283531693897,1.0
111,942,425,0.06615384615384616,0.04034363288351302,1.0
112,1154,504,0.09615384615384616,0.05042088080195943,1.0
113,349,78,0.022307692307692306,0.05108382226946771,1.0
114,170,538,0.08384615384615385,0.05253813143637872,1.0
115,1493,23,0.15461538461538463,0.06040715893918068,1.0
116,1627,676,0.09384615384615384,0.05195485809492385,1.0
117,0,217,0.09153846153846154,0.05225780401222732,1.0
118,717,913,0.10230769230769231,0.062362849728438405,1.0
119,901,714,0.043076923076923075,0.04941534846801336,1.0
120,998,167,0.10076923076923076,0.06384882903247877,1.0
121,486,492,0.055384615384615386,0.045808434791278496,1.0
122,944,208,0.1646153846153846,0.04744427015506003,1.0
123,645,189,0.055384615384615386,0.06460061597123871,1.0
124,113,875,0.1123076923076923,0.04990126084689201,1.0