0,1850,19,0.0,0.05354970615286818,1.0
1,6,670,0.22534375,0.026484396785196766,1.0
2,1658,415,0.2889375,0.045003461735126274,1.0
3,1326,15,0.18796875,0.04232935475947233,1.0
4,262,244,0.72475,0.04655733572928772,1.0
5,598,926,0.06425,0.060706274680324405,1.0
6,1594,828,0.3825,0.03783388125244396,1.0
7,835,347,0.05996875,0.0491768172879906,1.0
8,300,847,0.0,0.04035409883185971,1.0
9,773,264,0.10165625,0.05915376234255318,1.0
10,286,236,0.0,0.034966769976553985,1.0
11,45,307,0.06078125,0.06330903304376367,1.0
12,1654,201,0.0823125,0.04833850054364366,1.0
13,256,494,0.0,0.055638978435480865,1.0
14,341,520,0.27384375,0.051948334011649326,1.0
15,264,191,0.11565625,0.0460185763163418,1.0
16,740,164,0.429,0.07181258921409359,1.0
17,509,146,0.37403125,0.034285806693851846,1.0
18,660,655,0.385625,0.060352564445657994,1.0
19,1404,542,0.4346875,0.06078532828888682,1.0
20,311,177,0.5126875,0.0419563035225126,1.0
21,1628,458,0.27146875,0.04007601945432797,1.0
22,1166,681,0.32015625,0.05555655758311465,1.0
23,1663,193,0.3185625,0.05631239465859034,1.0
24,1166,219,0.48153125,0.04125508392037941,1.0
25,914,0,0.12159375,0.0605386317164454,1.0
26,478,248,0.0,0.057002793579496225,1.0
27,1603,139,0.247,0.05464493379939749,1.0
28,952,817,0.2924375,0.06052118094638736,1.0
29,216,192,0.4879375,0.05659828661005043,1.0
30,756,164,0.0,0.05051694983433641,1.0
31,1396,455,0.30696875,0.0612746096170017,1.0
32,943,719,0.3635625,0.04344669492419058,1.0
33,731,707,0.0640625,0.05745069080739697,1.0
34,1785,243,0.0,0.05414019926124578,1.0
35,1370,683,0.16421875,0.04465495599893445,1.0
36,708,449,0.16215625,0.03408691492040103,1.0
37,10,0,0.0,0.05170722110186726,1.0
38,238,11,0.07265625,0.05895954956167114,1.0
39,701,697,0.56646875,0.04523637633357583,1.0
40,987,739,0.173625,0.05888006943219143,1.0
41,449,1,0.39171875,0.0413242968730914,1.0
42,706,204,0.4645625,0.037614697349675465,1.0
43,570,117,0.0,0.04782509763362712,1.0
44,1096,912,0.29853125,0.042762893918755304,1.0
45,871,366,0.055,0.055250554331890904,1.0
46,274,862,0.4619375,0.0473085720736539,1.0
47,450,902,0.29353125,0.04910228411409096,1.0
48,1594,11,0.494625,0.045626285664868836,1.0
49,210,692,0.2655625,0.0438120296656942,1.0
50,1735,624,0.17571875,0.034474911149700346,1.0
51,439,370,0.2810625,0.05211537734682865,1.0
52,1474,82,0.231625,0.05994414350055778,1.0
53,1163,570,0.09759375,0.04900922556552538,1.0
54,365,444,0.18478125,0.04463049036108932,1.0
55,1179,350,0.34690625,0.07184617376360487,1.0
56,447,663,0.41396875,0.044462035915654514,1.0
57,647,332,0.4726875,0.04812244832436728,1.0
58,194,303,0.0578125,0.06714807843937684,1.0
59,900,23,0.39221875,0.03472203376494397,1.0
60,1411,448,0.06796875,0.07270511272310326,1.0
61,1177,677,0.0,0.07066548273963405,1.0
62,957,226,0.50325,0.032138034940298266,1.0
63,1190,458,0.0,0.06690191175161023,1.0
64,1180,221,0.07246875,0.054859991251688375,1.0
65,1411,224,0.357875,0.05213118528579233,1.0
66,1639,458,0.1249375,0.05255616244572848,1.0
67,1137,152,0.16884375,0.05381017944357072,1.0
68,471,5,0.17153125,0.055532161180726694,1.0
69,960,921,0.0895625,0.05038595209616888,1.0
70,1175,924,0.3465,0.053876133532749414,1.0
71,440,820,0.335,0.03351636044386283,1.0
72,1117,743,0.23134375,0.0537242927108541,1.0
73,1634,288,0.57740625,0.04768454672001722,1.0
74,1714,681,0.18940625,0.03459982109242802,1.0
75,1817,727,0.06171875,0.057398163062335916,1.0
76,715,714,0.2134375,0.04688752609693411,1.0
77,738,256,0.07259375,0.05758460605669165,1.0
78,1349,173,0.3635,0.046245702602247994,1.0
79,475,235,0.19653125,0.05751831190224632,1.0
80,939,452,0.62840625,0.03622013151760006,1.0
81,1835,747,0.1850625,0.05240249930623552,1.0
82,43,8,0.23240625,0.059075558894332234,1.0
83,493,231,0.17146875,0.040031766380283024,1.0
84,52,925,0.04571875,0.04635435876945523,1.0
85,245,926,0.37296875,0.04815271281145112,1.0
86,1807,463,0.242125,0.04522886891349107,1.0
87,1797,226,0.50053125,0.04384332469562925,1.0
88,461,442,0.409,0.05113808119880244,1.0
89,237,206,0.64771875,0.03938495621407441,1.0
90,948,433,0.2829375,0.0413872107165942,1.0
91,504,415,0.4961875,0.03637978054403381,1.0
92,1819,27,0.0,0.046837296513314454,1.0
93,1702,48,0.28640625,0.051312148323907174,1.0
94,582,121,0.13734375,0.028062641356641865,1.0
95,502,368,0.0894375,0.04859831082069326,1.0
96,214,635,0.100625,0.048231629404498245,1.0
97,723,300,0.58975,0.035613706568771275,1.0
98,432,855,0.0,0.06729945255446104,1.0
99,830,189,0.22790625,0.04407011778770234,1.0
100,1406,161,0.0,0.06260526323407067,1.0
101,1733,746,0.36025,0.056881429668790034,1.0
102,1844,476,0.086625,0.0387509747034286,1.0
103,1668,618,0.4545,0.04841615428015606,1.0
104,1008,822,0.3478125,0.051245494931190606,1.0
105,1089,893,0.09671875,0.04230569271860762,1.0
106,1817,475,0.30465625,0.04627927926793179,1.0
107,724,219,0.03853125,0.044218527651265944,1.0
108,1657,280,0.36009375,0.04388312558385673,1.0
109,1628,205,0.14565625,0.05933268572971221,1.0
110,680,340,0.0,0.052554397975063956,1.0
111,942,425,0.34446875,0.06199121643557176,1.0
112,1154,504,0.5635,0.04200064235598326,1.0
113,349,78,0.44865625,0.050543065473932794,1.0
114,170,538,0.11896875,0.04880067286400946,1.0
115,1493,23,0.3434375,0.03169623115692114,1.0
116,1627,676,0.05259375,0.03617124894141608,1.0
117,0,217,0.0,0.0465636557996603,1.0
118,717,913,0.14203125,0.04098030137892035,1.0
119,901,714,0.07259375,0.057578866295900144,1.0
120,998,167,0.409875,0.057555270178609945,1.0
121,486,492,0.7538125,0.039726213588504436,1.0
122,944,208,0.137125,0.0483745763035701,1.0
123,645,189,0.23553125,0.07847468591976525,1.0
124,113,875,0.3455625,0.05134295688007051,1.0