0,1850,19,0.16846153846153847,0.10406468647044546,1.0
1,6,670,0.18,0.14199000489807867,1.0
2,1658,415,0.13,0.07767474135473253,1.0
3,1326,15,0.2076923076923077,0.05064574449360839,1.0
4,262,244,0.1346153846153846,0.07221639125626639,1.0
5,598,926,0.17692307692307693,0.03899230151897597,1.0
6,1594,828,0.09846153846153846,0.14941805767439129,1.0
7,835,347,0.1676923076923077,0.11090810671589621,1.0
8,300,847,0.15461538461538463,0.09838010586871866,1.0
9,773,264,0.17461538461538462,0.15009206267984354,1.0
10,286,236,0.14692307692307693,0.12122287629196196,1.0
11,45,307,0.09538461538461539,0.0681539716535714,1.0
12,1654,201,0.15615384615384614,0.10038653141806561,1.0
13,256,494,0.23384615384615384,0.06494031421178502,1.0
14,341,520,0.1776923076923077,0.1161223290136716,1.0
15,264,191,0.21076923076923076,0.13218881670169969,1.0
16,740,164,0.26615384615384613,0.054523891088278174,1.0
17,509,146,0.20615384615384616,0.07796938936388918,1.0
18,660,655,0.15461538461538463,0.11246492916532473,1.0
19,1404,542,0.1076923076923077,0.07414617500625297,1.0
20,311,177,0.06769230769230769,0.1606059915070211,1.0
21,1628,458,0.18307692307692308,0.10472684800302545,1.0
22,1166,681,0.11923076923076924,0.16991262585924077,1.0
23,1663,193,0.15692307692307692,0.046718084724679254,1.0
24,1166,219,0.17,0.09066720304567553,1.0
25,914,0,0.1,0.14038997023624394,1.0
26,478,248,0.13692307692307693,0.09935396463818792,1.0
27,1603,139,0.1776923076923077,0.015812864253857473,1.0
28,952,817,0.16384615384615384,0.09959511816789518,1.0
29,216,192,0.20076923076923076,0.07425856337872896,1.0
30,756,164,0.20076923076923076,0.11199159044542724,1.0
31,1396,455,0.12230769230769231,0.032380574050823105,1.0
32,943,719,0.09846153846153846,0.09927874462380991,1.0
33,731,707,0.12846153846153846,0.06184040048817177,1.0
34,1785,243,0.13307692307692306,0.16452242658132993,1.0
35,1370,683,0.16615384615384615,0.043400291050534695,1.0
36,708,449,0.11307692307692307,0.14225898441295948,1.0
37,10,0,0.12,0.1286707476931992,1.0
38,238,11,0.054615384615384614,0.22289929743723286,1.0
39,701,697,0.14615384615384616,0.10925440386006689,1.0
40,987,739,0.1453846153846154,0.21880332488218873,1.0
41,449,1,0.17307692307692307,0.1075807754136332,1.0
42,706,204,0.1076923076923077,0.11132103887293651,1.0
43,570,117,0.10692307692307693,0.040747206698002185,1.0
44,1096,912,0.06384615384615384,0.09239761040087191,1.0
45,871,366,0.17076923076923076,0.13779827759651056,1.0
46,274,862,0.17153846153846153,0.032649065908205877,1.0
47,450,902,0.12230769230769231,0.1097014462463291,1.0
48,1594,11,0.15153846153846154,0.1621317792907139,1.0
49,210,692,0.1123076923076923,0.1435140571516852,1.0
50,1735,624,0.08923076923076922,0.15815334056136884,1.0
51,439,370,0.15307692307692308,0.1465926337116059,1.0
52,1474,82,0.06538461538461539,0.1515737990905887,1.0
53,1163,570,0.20615384615384616,0.08496761312935142,1.0
54,365,444,0.2123076923076923,0.04640000520056843,1.0
55,1179,350,0.12,0.12080708017706318,1.0
56,447,663,0.13923076923076924,0.20571067161475182,1.0
57,647,332,0.1423076923076923,0.21139436060278094,1.0
58,194,303,0.12538461538461537,0.06280941429028984,1.0
59,900,23,0.11538461538461539,0.08828034342228146,1.0
60,1411,448,0.1476923076923077,0.09824760748332763,1.0
61,1177,677,0.17615384615384616,0.09813532902096367,1.0
62,957,226,0.12615384615384614,0.12253473863786787,1.0
63,1190,458,0.15615384615384614,0.023999024579793443,1.0
64,1180,221,0.12230769230769231,0.10847887366238461,1.0
65,1411,224,0.1346153846153846,0.08161968545759779,1.0
66,1639,458,0.12846153846153846,0.07205563599790067,1.0
67,1137,152,0.14615384615384616,0.1154598243408932,1.0
68,471,5,0.13076923076923078,0.15504433837386022,1.0
69,960,921,0.15461538461538463,0.0863034336848635,1.0
70,1175,924,0.13307692307692306,0.1771597880307222,1.0
71,440,820,0.20615384615384616,0.05159514449761081,1.0
72,1117,743,0.21846153846153846,0.07616953026640476,1.0
73,1634,288,0.16615384615384615,0.10891719043883366,1.0
74,1714,681,0.20461538461538462,0.09097383322461038,1.0
75,1817,727,0.10615384615384615,0.08651378096706723,1.0
76,715,714,0.11307692307692307,0.12466390263806523,1.0
77,738,256,0.12384615384615384,0.05691480248000516,1.0
78,1349,173,0.11384615384615385,0.12332441944311279,1.0
79,475,235,0.08461538461538462,0.08674542647129707,1.0
80,939,452,0.11384615384615385,0.1503905030763455,1.0
81,1835,747,0.17153846153846153,0.04846762227816113,1.0
82,43,8,0.040769230769230766,0.1463234636787961,1.0
83,493,231,0.1346153846153846,0.10199356668169329,1.0
84,52,925,0.09153846153846154,0.05502285418978112,1.0
85,245,926,0.15846153846153846,0.13511625073950664,1.0
86,1807,463,0.09923076923076923,0.1604104142953107,1.0
87,1797,226,0.1723076923076923,0.1451961094681991,1.0
88,461,442,0.19,0.030745267575889024,1.0
89,237,206,0.07461538461538461,0.12377201224910624,1.0
90,948,433,0.13923076923076924,0.14292464422719386,1.0
91,504,415,0.13923076923076924,0.041279049345547436,1.0
92,1819,27,0.1123076923076923,0.1108437281044689,1.0
93,1702,48,0.10923076923076923,0.1721645729639043,1.0
94,582,121,0.22076923076923077,0.05635107918361842,1.0
95,502,368,0.3515384615384615,0.06640270463003894,1.0
96,214,635,0.043076923076923075,0.11525632134326676,1.0
97,723,300,0.21615384615384614,0.12783537985890023,1.0
98,432,855,0.1076923076923077,0.12791158866357621,1.0
99,830,189,0.14846153846153845,0.07006247188512152,1.0
100,1406,161,0.08307692307692308,0.1250759357920156,1.0
101,1733,746,0.11615384615384615,0.1687900785566395,1.0
102,1844,476,0.18384615384615385,0.07910785691083001,1.0
103,1668,618,0.18076923076923077,0.0192604993188413,1.0
104,1008,822,0.14076923076923076,0.16262202509992735,1.0
105,1089,893,0.14153846153846153,0.060315956133716674,1.0
106,1817,475,0.1453846153846154,0.10694131221364261,1.0
107,724,219,0.09384615384615384,0.13023195447814,1.0
108,1657,280,0.19538461538461538,0.1215003322683366,1.0
109,1628,205,0.14,-0.0040964261043305444,1.0
110,680,340,0.13692307692307693,0.07978299266566458,1.0
111,942,425,0.13384615384615384,0.1983771504128895,1.0
112,1154,504,0.1723076923076923,0.13389939214778523,1.0
113,349,78,0.13230769230769232,0.1408991334964712,1.0
114,170,538,0.14923076923076922,0.07179815284088582,1.0
115,1493,23,0.1346153846153846,0.07484707538245637,1.0
116,1627,676,0.07,0.24920492548819942,1.0
117,0,217,0.33384615384615385,0.04475003073275044,1.0
118,717,913,0.13307692307692306,0.13730501730902495,1.0
119,901,714,0.10461538461538461,0.12809594627776455,1.0
120,998,167,0.2,-0.005447842794044866,1.0
121,486,492,0.20153846153846153,0.013123042880505392,1.0
122,944,208,0.19692307692307692,0.09015963243416489,1.0
123,645,189,0.14076923076923076,0.10827532776118448,1.0
124,113,875,0.14461538461538462,0.08723808865127003,1.0