0,1850,19,0.45709375,0.11627306851724577,1.0
1,6,670,0.3703125,0.10913751877689142,1.0
2,1658,415,0.52790625,0.08837679238344187,1.0
3,1326,15,0.6216875,0.09479261634977444,1.0
4,262,244,0.48521875,0.08658521347941175,1.0
5,598,926,0.6703125,0.08200958695302946,1.0
6,1594,828,0.46725,0.07663019967485549,1.0
7,835,347,0.45725,0.06534903480661186,1.0
8,300,847,0.6121875,0.14403330710018206,1.0
9,773,264,0.5135,0.1729150946112022,1.0
10,286,236,0.5003125,0.026057543954853976,1.0
11,45,307,0.59715625,0.09498006877266789,1.0
12,1654,201,0.568875,0.1081378174889932,1.0
13,256,494,0.5078125,0.06850492884118133,1.0
14,341,520,0.60915625,0.10493093416301831,1.0
15,264,191,0.51478125,0.08452510589803278,1.0
16,740,164,0.52884375,0.0516170524170898,1.0
17,509,146,0.55553125,0.015812762256031176,1.0
18,660,655,0.52809375,0.13890236273703832,1.0
19,1404,542,0.540375,0.04890991119852315,1.0
20,311,177,0.71959375,0.14417161925370964,1.0
21,1628,458,0.50325,0.07032202208591666,1.0
22,1166,681,0.57515625,0.11371641655701908,1.0
23,1663,193,0.4545,0.1031840172715128,1.0
24,1166,219,0.63515625,0.11193656154591942,1.0
25,914,0,0.583,0.07952307935357587,1.0
26,478,248,0.4391875,0.020022583006445382,1.0
27,1603,139,0.52784375,0.1825329361917611,1.0
28,952,817,0.58425,0.21361671696196263,1.0
29,216,192,0.63175,0.17514688110873128,1.0
30,756,164,0.5645,0.11265520472826163,1.0
31,1396,455,0.47446875,0.06322384415870713,1.0
32,943,719,0.48528125,0.054127071356307434,1.0
33,731,707,0.4875,0.1738954002084408,1.0
34,1785,243,0.5166875,0.18642107162491117,1.0
35,1370,683,0.439375,0.05875939437909277,1.0
36,708,449,0.64134375,0.035142763412470454,1.0
37,10,0,0.4376875,0.08204422985490879,1.0
38,238,11,0.49025,0.14572008785175478,1.0
39,701,697,0.43440625,0.1149104939398819,1.0
40,987,739,0.53934375,0.10865582019009416,1.0
41,449,1,0.4476875,0.036072646555297655,1.0
42,706,204,0.54028125,0.008130606129008455,1.0
43,570,117,0.49846875,0.12908044057499052,1.0
44,1096,912,0.549875,0.11255611038483031,1.0
45,871,366,0.4595,0.15897270468637656,1.0
46,274,862,0.61234375,0.13434451748317666,1.0
47,450,902,0.5829375,0.1146333870370872,1.0
48,1594,11,0.45103125,0.051984297056793916,1.0
49,210,692,0.5416875,0.15561189177256146,1.0
50,1735,624,0.43375,0.10698294111163814,1.0
51,439,370,0.46940625,0.16542692493105754,1.0
52,1474,82,0.51146875,0.14532145905208366,1.0
53,1163,570,0.61890625,0.12088680466228933,1.0
54,365,444,0.48634375,0.07616078173217225,1.0
55,1179,350,0.5706875,0.0812545386083875,1.0
56,447,663,0.461875,0.07872576061965691,1.0
57,647,332,0.5244375,0.01657060376451097,1.0
58,194,303,0.60234375,0.14201850245689657,1.0
59,900,23,0.64265625,0.16890187680861257,1.0
60,1411,448,0.48346875,0.15262950757664062,1.0
61,1177,677,0.60165625,0.04035171805010308,1.0
62,957,226,0.5555625,-0.01745054756796413,1.0
63,1190,458,0.5210625,0.058521988743700896,1.0
64,1180,221,0.56509375,0.1636860143979877,1.0
65,1411,224,0.46709375,0.09084938973962842,1.0
66,1639,458,0.4455625,0.13258932720616085,1.0
67,1137,152,0.53140625,0.06418799252241938,1.0
68,471,5,0.5223125,0.06806938275581084,1.0
69,960,921,0.4926875,0.08873815889461048,1.0
70,1175,924,0.49178125,0.19142031212458194,1.0
71,440,820,0.54490625,0.06011619396109446,1.0
72,1117,743,0.62415625,0.10511816179632437,1.0
73,1634,288,0.530375,0.115652712588522,1.0
74,1714,681,0.5745,0.04672291640325846,1.0
75,1817,727,0.506125,0.06715914691812715,1.0
76,715,714,0.58671875,3.5172914265396704E-4,1.0
77,738,256,0.508875,0.09950684978142225,1.0
78,1349,173,0.452625,0.14076563786778898,1.0
79,475,235,0.4784375,0.08230173126413445,1.0
80,939,452,0.5215,0.05477977763544996,1.0
81,1835,747,0.6664375,0.1537005942098248,1.0
82,43,8,0.47709375,0.13899273391657668,1.0
83,493,231,0.45203125,0.08209182578444528,1.0
84,52,925,0.49690625,0.06738067298234737,1.0
85,245,926,0.55803125,0.03863104115980074,1.0
86,1807,463,0.3449375,0.12822587153630327,1.0
87,1797,226,0.507125,0.02089143471734961,1.0
88,461,442,0.51509375,0.08100240584758125,1.0
89,237,206,0.54153125,0.041999937441173786,1.0
90,948,433,0.5170625,0.09056239436622787,1.0
91,504,415,0.5638125,0.12991028157061704,1.0
92,1819,27,0.4933125,0.1915530515648464,1.0
93,1702,48,0.5328125,0.042382181871661706,1.0
94,582,121,0.460125,0.05045028698841678,1.0
95,502,368,0.59303125,0.12252467673503063,1.0
96,214,635,0.53709375,0.1476257104581513,1.0
97,723,300,0.45953125,0.12788420336007292,1.0
98,432,855,0.58590625,0.1494689508668712,1.0
99,830,189,0.62559375,0.16967816113526768,1.0
100,1406,161,0.453,0.10129118373687314,1.0
101,1733,746,0.39809375,0.040045254666318454,1.0
102,1844,476,0.62478125,0.13264191761952748,1.0
103,1668,618,0.40646875,0.13410382548992272,1.0
104,1008,822,0.56625,0.09363968200190159,1.0
105,1089,893,0.55928125,-0.015330221280214953,1.0
106,1817,475,0.48284375,0.050476728613878884,1.0
107,724,219,0.780625,0.16579272215460572,1.0
108,1657,280,0.4126875,0.09233824500433294,1.0
109,1628,205,0.491625,0.12908527178131673,1.0
110,680,340,0.435375,0.15192172534730958,1.0
111,942,425,0.501375,0.06358378929866529,1.0
112,1154,504,0.48284375,0.10505795987146768,1.0
113,349,78,0.56525,0.06633874603257695,1.0
114,170,538,0.4448125,0.05778477843288152,1.0
115,1493,23,0.40090625,0.0699726727877147,1.0
116,1627,676,0.42484375,0.10570292370958197,1.0
117,0,217,0.58453125,0.05306731141892729,1.0
118,717,913,0.5248125,0.15738481151660746,1.0
119,901,714,0.6845,0.08548235511703123,1.0
120,998,167,0.52240625,0.09954149326021618,1.0
121,486,492,0.60503125,0.21209789854676464,1.0
122,944,208,0.50034375,0.1248497449143878,1.0
123,645,189,0.50571875,0.17743755093657793,1.0
124,113,875,0.5313125,0.11097681079913228,1.0