0,1850,19,0.0,0.125451588917799,1.0
1,6,670,0.1,0.03612837138208633,1.0
2,1658,415,0.05846153846153846,0.07930590815556811,1.0
3,1326,15,0.0,0.12202331717850781,1.0
4,262,244,0.11846153846153847,0.08558617307618084,1.0
5,598,926,0.043076923076923075,0.13443421292729582,1.0
6,1594,828,0.09153846153846154,0.08709672624635822,1.0
7,835,347,0.03461538461538462,0.18088949881683025,1.0
8,300,847,0.16615384615384615,0.05945068997096616,1.0
9,773,264,0.05,0.17985582014956264,1.0
10,286,236,0.05,0.03373325718031252,1.0
11,45,307,0.02846153846153846,0.0809510963678764,1.0
12,1654,201,0.08384615384615385,0.05716627408348949,1.0
13,256,494,0.027692307692307693,0.10749952506569678,1.0
14,341,520,0.02846153846153846,0.16751401133529303,1.0
15,264,191,0.12692307692307692,0.08085432144568122,1.0
16,740,164,0.12307692307692308,0.05253058981418181,1.0
17,509,146,0.05384615384615385,0.1278836411501543,1.0
18,660,655,0.024615384615384615,0.12139959690426877,1.0
19,1404,542,0.11846153846153847,0.010206069928885758,1.0
20,311,177,0.07,0.12298054083742728,1.0
21,1628,458,0.06923076923076923,0.20147167047528952,1.0
22,1166,681,0.02,0.08743286310115925,1.0
23,1663,193,0.14,0.09690914342917767,1.0
24,1166,219,0.12307692307692308,0.05435682254571879,1.0
25,914,0,0.07923076923076923,0.12775004372305,1.0
26,478,248,0.12153846153846154,0.044773603124911,1.0
27,1603,139,0.03230769230769231,0.1864248121835882,1.0
28,952,817,0.05307692307692308,0.07759191631676597,1.0
29,216,192,0.016153846153846154,0.13535923226053523,1.0
30,756,164,0.08615384615384615,0.17590011649389134,1.0
31,1396,455,0.12,0.06462128285521068,1.0
32,943,719,0.04,0.1509757101118224,1.0
33,731,707,0.1753846153846154,0.03407713262867526,1.0
34,1785,243,0.1723076923076923,0.005439844460733839,1.0
35,1370,683,0.1176923076923077,0.045957168031622836,1.0
36,708,449,0.047692307692307694,0.11431873020731972,1.0
37,10,0,0.045384615384615384,0.12562746905964428,1.0
38,238,11,0.026923076923076925,0.030645941939828045,1.0
39,701,697,0.03076923076923077,0.14939827574616685,1.0
40,987,739,0.11076923076923077,0.006007450533660877,1.0
41,449,1,0.05384615384615385,0.08581482315941744,1.0
42,706,204,0.11461538461538462,0.051624696078887894,1.0
43,570,117,0.10923076923076923,0.11856855658072955,1.0
44,1096,912,0.05923076923076923,0.12138634790030958,1.0
45,871,366,0.09076923076923077,0.11705996079025,1.0
46,274,862,0.024615384615384615,0.1573432897860903,1.0
47,450,902,0.038461538461538464,0.1294141748516979,1.0
48,1594,11,0.03076923076923077,0.17145909156736455,1.0
49,210,692,0.07461538461538461,0.15930295521151394,1.0
50,1735,624,0.07,0.1630363688190709,1.0
51,439,370,0.17076923076923076,0.0462238206301977,1.0
52,1474,82,0.009230769230769232,0.13497535490815527,1.0
53,1163,570,0.04230769230769231,0.04663120787805476,1.0
54,365,444,0.02,0.07566561111038587,1.0
55,1179,350,0.13230769230769232,0.10325367677258936,1.0
56,447,663,0.12153846153846154,0.12682406557598644,1.0
57,647,332,0.04,0.13640277937390993,1.0
58,194,303,0.055384615384615386,0.11628250412364742,1.0
59,900,23,0.0,0.05680181704497128,1.0
60,1411,448,0.040769230769230766,0.18974204486675228,1.0
61,1177,677,0.05692307692307692,0.03657545277774604,1.0
62,957,226,0.15615384615384614,0.12662237035840557,1.0
63,1190,458,0.05923076923076923,0.07179956545918288,1.0
64,1180,221,0.07307692307692308,0.07806973900593084,1.0
65,1411,224,0.06692307692307692,0.08376730050762184,1.0
66,1639,458,0.10230769230769231,0.10501826283974647,1.0
67,1137,152,0.02,0.14713462337469715,1.0
68,471,5,0.03,0.0052512774640506715,1.0
69,960,921,0.006923076923076923,0.11063844866047211,1.0
70,1175,924,0.11307692307692307,0.07421151856535474,1.0
71,440,820,0.036923076923076927,0.03152021210941107,1.0
72,1117,743,0.03769230769230769,0.07254921374592539,1.0
73,1634,288,0.06538461538461539,0.11229236781281571,1.0
74,1714,681,0.10538461538461538,0.20796987819504315,1.0
75,1817,727,0.04,0.22059410359889609,1.0
76,715,714,0.08461538461538462,0.12920564038349175,1.0
77,738,256,0.03769230769230769,0.09275102738594769,1.0
78,1349,173,0.06384615384615384,0.18079633970430026,1.0
79,475,235,0.09538461538461539,0.17427164324397476,1.0
80,939,452,0.1753846153846154,0.07197472201151824,1.0
81,1835,747,0.0,0.10889438128120113,1.0
82,43,8,0.009230769230769232,0.14370032424942408,1.0
83,493,231,0.15384615384615385,0.06978374066921855,1.0
84,52,925,0.09384615384615384,0.10232463103051466,1.0
85,245,926,0.07,0.05831275646112919,1.0
86,1807,463,0.09153846153846154,0.03766174588879301,1.0
87,1797,226,0.12538461538461537,0.056813652827607045,1.0
88,461,442,0.17384615384615384,0.02997061588216754,1.0
89,237,206,0.09461538461538462,0.0845216523679826,1.0
90,948,433,0.06153846153846154,0.059331646006899635,1.0
91,504,415,0.05384615384615385,0.014555972335184755,1.0
92,1819,27,0.0,0.1297914140068782,1.0
93,1702,48,0.0,0.1243059106957994,1.0
94,582,121,0.05692307692307692,0.12359514918880234,1.0
95,502,368,0.04923076923076923,0.13019683538409452,1.0
96,214,635,0.1,0.08582643908805807,1.0
97,723,300,0.024615384615384615,0.12092341627126768,1.0
98,432,855,0.07538461538461538,0.11745525713252877,1.0
99,830,189,0.046153846153846156,0.05016660261912098,1.0
100,1406,161,0.09923076923076923,0.168089587102431,1.0
101,1733,746,0.11692307692307692,0.17838026689739633,1.0
102,1844,476,0.0,0.09236754942100882,1.0
103,1668,618,0.009230769230769232,0.193842148755624,1.0
104,1008,822,0.045384615384615384,0.0763102832859434,1.0
105,1089,893,0.11,0.007560583430870654,1.0
106,1817,475,0.03923076923076923,0.10862081765113174,1.0
107,724,219,0.015384615384615385,0.04945707507102083,1.0
108,1657,280,0.040769230769230766,0.0862932759349922,1.0
109,1628,205,0.2230769230769231,0.05790796173208485,1.0
110,680,340,0.06076923076923077,0.13256920446503684,1.0
111,942,425,0.04923076923076923,0.11611981008340105,1.0
112,1154,504,0.07,0.12900574957429375,1.0
113,349,78,0.015384615384615385,0.11362603016178817,1.0
114,170,538,0.06692307692307692,0.14022452087824797,1.0
115,1493,23,0.13538461538461538,0.08257667726967469,1.0
116,1627,676,0.12846153846153846,0.11676981528938646,1.0
117,0,217,0.1853846153846154,0.08949087749834664,1.0
118,717,913,0.14076923076923076,0.09023030261966035,1.0
119,901,714,0.06615384615384616,0.004315065322683748,1.0
120,998,167,0.08076923076923077,0.030826891252317704,1.0
121,486,492,0.13153846153846155,0.214367287370471,1.0
122,944,208,0.13076923076923078,0.10533347063670823,1.0
123,645,189,0.05692307692307692,0.12688217689343942,1.0
124,113,875,0.027692307692307693,0.13494791363089637,1.0