0,1850,19,0.17076923076923076,0.023469067314476802,1.0
1,6,670,0.1753846153846154,0.09458904854163784,1.0
2,1658,415,0.18923076923076923,0.06083956818894359,1.0
3,1326,15,0.25,0.09460749178318421,1.0
4,262,244,0.18,0.07695154595419691,1.0
5,598,926,0.15307692307692308,0.17111560133388115,1.0
6,1594,828,0.18076923076923077,0.0824387349457859,1.0
7,835,347,0.19692307692307692,0.1596263598294983,1.0
8,300,847,0.16153846153846155,0.11396180972592605,1.0
9,773,264,0.26076923076923075,0.1509036058258663,1.0
10,286,236,0.3007692307692308,0.042728589385196226,1.0
11,45,307,0.16846153846153847,0.12640688748571044,1.0
12,1654,201,0.12230769230769231,0.15134809199002816,1.0
13,256,494,0.2276923076923077,0.030957212169587592,1.0
14,341,520,0.17153846153846153,0.14914225946332202,1.0
15,264,191,0.24769230769230768,0.007999052737027751,1.0
16,740,164,0.22692307692307692,0.050139614456756854,1.0
17,509,146,0.17846153846153845,0.02730986266855047,1.0
18,660,655,0.1723076923076923,0.18984047295539733,1.0
19,1404,542,0.20153846153846153,0.16515030057318786,1.0
20,311,177,0.18923076923076923,0.07809812994150511,1.0
21,1628,458,0.20153846153846153,0.01569532493196693,1.0
22,1166,681,0.24,0.16032246103126105,1.0
23,1663,193,0.16615384615384615,0.11453026077510313,1.0
24,1166,219,0.21,0.043032287984313244,1.0
25,914,0,0.12692307692307692,0.09050907912150231,1.0
26,478,248,0.19384615384615383,0.021874638748198866,1.0
27,1603,139,0.21307692307692308,0.06913985786786574,1.0
28,952,817,0.18461538461538463,0.153385550197202,1.0
29,216,192,0.19153846153846155,0.21187767469759258,1.0
30,756,164,0.21461538461538462,0.06405610349140778,1.0
31,1396,455,0.17153846153846153,0.2204548447202549,1.0
32,943,719,0.20153846153846153,0.09478025163660511,1.0
33,731,707,0.21384615384615385,0.09177732319368385,1.0
34,1785,243,0.17846153846153845,0.0635840621136571,1.0
35,1370,683,0.2376923076923077,0.14284856225624168,1.0
36,708,449,0.2623076923076923,0.019859929062958,1.0
37,10,0,0.20692307692307693,0.02573916779692298,1.0
38,238,11,0.14153846153846153,0.16771866823008152,1.0
39,701,697,0.3123076923076923,0.10119451547714835,1.0
40,987,739,0.19,0.05732975492911058,1.0
41,449,1,0.2153846153846154,0.10197576748469553,1.0
42,706,204,0.17,0.13401466806560108,1.0
43,570,117,0.19923076923076924,0.16221350269460685,1.0
44,1096,912,0.16153846153846155,0.1147878575360926,1.0
45,871,366,0.2153846153846154,0.11694125814718509,1.0
46,274,862,0.15,0.12630535442247243,1.0
47,450,902,0.17846153846153845,0.06294277036221799,1.0
48,1594,11,0.21846153846153846,0.1363650502102167,1.0
49,210,692,0.24461538461538462,0.06755393823410794,1.0
50,1735,624,0.18307692307692308,0.0516856520131345,1.0
51,439,370,0.11692307692307692,0.11806701015314394,1.0
52,1474,82,0.22923076923076924,0.06507229910592581,1.0
53,1163,570,0.17,0.18330779589350407,1.0
54,365,444,0.14076923076923076,0.19472747676049473,1.0
55,1179,350,0.18692307692307691,0.08644652424716925,1.0
56,447,663,0.2592307692307692,0.10949187712280369,1.0
57,647,332,0.18384615384615385,0.07568123846871727,1.0
58,194,303,0.17615384615384616,0.18494561929611683,1.0
59,900,23,0.16615384615384615,0.09604622393004608,1.0
60,1411,448,0.25846153846153846,0.10737074100618892,1.0
61,1177,677,0.17,0.07146884426362418,1.0
62,957,226,0.21153846153846154,0.13546366589268302,1.0
63,1190,458,0.20923076923076922,0.0902988164823004,1.0
64,1180,221,0.1853846153846154,0.06078808552246709,1.0
65,1411,224,0.17692307692307693,0.20494999438720923,1.0
66,1639,458,0.2053846153846154,0.13781675104447672,1.0
67,1137,152,0.14461538461538462,0.143803952056395,1.0
68,471,5,0.32153846153846155,0.0447250529400401,1.0
69,960,921,0.14846153846153845,0.12204114436477037,1.0
70,1175,924,0.21615384615384614,0.07464784667928877,1.0
71,440,820,0.26,0.03176341879675561,1.0
72,1117,743,0.20692307692307693,0.07488558828538945,1.0
73,1634,288,0.2323076923076923,0.1394879471236552,1.0
74,1714,681,0.14461538461538462,0.07250631182289945,1.0
75,1817,727,0.12923076923076923,0.12434341465788507,1.0
76,715,714,0.20384615384615384,0.05280960238610102,1.0
77,738,256,0.17384615384615384,0.14086947152338453,1.0
78,1349,173,0.21,0.10100113530184093,1.0
79,475,235,0.15384615384615385,0.1320252506095451,1.0
80,939,452,0.19076923076923077,0.12845925010895637,1.0
81,1835,747,0.19615384615384615,0.022053678297103668,1.0
82,43,8,0.17384615384615384,0.1476650865223217,1.0
83,493,231,0.23,0.11072404714459477,1.0
84,52,925,0.18692307692307691,0.08943927681236265,1.0
85,245,926,0.12846153846153846,0.15838640266090326,1.0
86,1807,463,0.1523076923076923,0.19702747843738092,1.0
87,1797,226,0.2246153846153846,0.08398085765961656,1.0
88,461,442,0.18615384615384614,0.12324618833377027,1.0
89,237,206,0.27384615384615385,0.15367414466965856,1.0
90,948,433,0.17153846153846153,0.20447612731378684,1.0
91,504,415,0.19230769230769232,0.08527165130602771,1.0
92,1819,27,0.13076923076923078,0.07361820125484488,1.0
93,1702,48,0.24076923076923076,0.03682947410194208,1.0
94,582,121,0.23076923076923078,0.08474629080850399,1.0
95,502,368,0.21769230769230768,0.09155571660690148,1.0
96,214,635,0.2169230769230769,0.005201519364921373,1.0
97,723,300,0.20846153846153845,0.12533751649083538,1.0
98,432,855,0.21769230769230768,0.10992748408751313,1.0
99,830,189,0.24153846153846154,0.050339736774940864,1.0
100,1406,161,0.2323076923076923,0.07170231045579799,1.0
101,1733,746,0.19076923076923077,0.07476294133995451,1.0
102,1844,476,0.1523076923076923,0.1560636654753023,1.0
103,1668,618,0.20923076923076922,0.13764614448905885,1.0
104,1008,822,0.15384615384615385,0.12395586620066891,1.0
105,1089,893,0.16846153846153847,0.07048917730374268,1.0
106,1817,475,0.2230769230769231,0.1285156251108252,1.0
107,724,219,0.23461538461538461,0.17393329415592604,1.0
108,1657,280,0.22230769230769232,0.08923650606065028,1.0
109,1628,205,0.1646153846153846,0.11686076456625726,1.0
110,680,340,0.1853846153846154,0.20851252960088096,1.0
111,942,425,0.14615384615384616,0.1191873239625072,1.0
112,1154,504,0.18307692307692308,0.08533407705330547,1.0
113,349,78,0.10461538461538461,0.1557973308416002,1.0
114,170,538,0.20307692307692307,0.13909032228718482,1.0
115,1493,23,0.19615384615384615,0.12368349515986186,1.0
116,1627,676,0.22615384615384615,0.07434358593319705,1.0
117,0,217,0.16615384615384615,0.08316652267255392,1.0
118,717,913,0.16538461538461538,0.07976194707476089,1.0
119,901,714,0.19230769230769232,0.2358228928789058,1.0
120,998,167,0.2169230769230769,0.05423297338967569,1.0
121,486,492,0.2076923076923077,0.16588342768841963,1.0
122,944,208,0.12230769230769231,0.09419514288275446,1.0
123,645,189,0.16230769230769232,0.14176565738673788,1.0
124,113,875,0.21076923076923076,0.03455125524816134,1.0