0,1850,19,0.19538461538461538,0.03188455712563448,1.0
1,6,670,0.21615384615384614,0.04168620698589676,1.0
2,1658,415,0.19076923076923077,0.053185596024928186,1.0
3,1326,15,0.18307692307692308,0.05986013370207483,1.0
4,262,244,0.19153846153846155,0.04632912162651352,1.0
5,598,926,0.19846153846153847,0.06003665282544779,1.0
6,1594,828,0.18692307692307691,0.04485242577426734,1.0
7,835,347,0.16153846153846155,0.05755386980660926,1.0
8,300,847,0.18461538461538463,0.045317206413048226,1.0
9,773,264,0.22153846153846155,0.053467332874068886,1.0
10,286,236,0.16230769230769232,0.05671233937317845,1.0
11,45,307,0.16384615384615384,0.05141255613172493,1.0
12,1654,201,0.20076923076923076,0.07129711060785746,1.0
13,256,494,0.20384615384615384,0.04239160565746705,1.0
14,341,520,0.20307692307692307,0.07594171062811264,1.0
15,264,191,0.22615384615384615,0.05088550054984661,1.0
16,740,164,0.22076923076923077,0.043248148398540985,1.0
17,509,146,0.1946153846153846,0.051873851470506244,1.0
18,660,655,0.15615384615384614,0.04438144543738012,1.0
19,1404,542,0.17923076923076922,0.043208430556400494,1.0
20,311,177,0.19923076923076924,0.04808819918382484,1.0
21,1628,458,0.22230769230769232,0.04269728060198647,1.0
22,1166,681,0.19923076923076924,0.050053442506675476,1.0
23,1663,193,0.2153846153846154,0.05265532973726882,1.0
24,1166,219,0.1976923076923077,0.05069152041048271,1.0
25,914,0,0.16230769230769232,0.04101062262004544,1.0
26,478,248,0.23692307692307693,0.05267257388379834,1.0
27,1603,139,0.24384615384615385,0.03626951353413628,1.0
28,952,817,0.19615384615384615,0.04189410619805913,1.0
29,216,192,0.16153846153846155,0.05818658518781919,1.0
30,756,164,0.17,0.04653412863922457,1.0
31,1396,455,0.18153846153846154,0.04838531536148606,1.0
32,943,719,0.19153846153846155,0.05388943701690671,1.0
33,731,707,0.1723076923076923,0.04439013417653291,1.0
34,1785,243,0.18153846153846154,0.05489582775434667,1.0
35,1370,683,0.22923076923076924,0.047099923560904096,1.0
36,708,449,0.18307692307692308,0.03798775210625317,1.0
37,10,0,0.18384615384615385,0.06506054411034452,1.0
38,238,11,0.16615384615384615,0.049599111199150274,1.0
39,701,697,0.12846153846153846,0.05746399329961263,1.0
40,987,739,0.24923076923076923,0.06284277893938613,1.0
41,449,1,0.20384615384615384,0.05249957270951511,1.0
42,706,204,0.17153846153846153,0.05412983390433752,1.0
43,570,117,0.2,0.0461579514293133,1.0
44,1096,912,0.18307692307692308,0.046730450640945394,1.0
45,871,366,0.1930769230769231,0.05501672253205274,1.0
46,274,862,0.17307692307692307,0.031649016545355395,1.0
47,450,902,0.2123076923076923,0.06831187403807597,1.0
48,1594,11,0.20076923076923076,0.0570635309118523,1.0
49,210,692,0.18615384615384614,0.05263063603809342,1.0
50,1735,624,0.17,0.04870179142490181,1.0
51,439,370,0.19538461538461538,0.05553858881649772,1.0
52,1474,82,0.16846153846153847,0.06043769861182626,1.0
53,1163,570,0.2323076923076923,0.05750779155432301,1.0
54,365,444,0.1776923076923077,0.05518279462061372,1.0
55,1179,350,0.17,0.03611519056689969,1.0
56,447,663,0.15384615384615385,0.029138372204344856,1.0
57,647,332,0.13384615384615384,0.049083446002861394,1.0
58,194,303,0.16307692307692306,0.04814140952453821,1.0
59,900,23,0.18846153846153846,0.03204968954170479,1.0
60,1411,448,0.23692307692307693,0.03649544876606141,1.0
61,1177,677,0.18692307692307691,0.06829276807034945,1.0
62,957,226,0.12846153846153846,0.05993326396359308,1.0
63,1190,458,0.2453846153846154,0.05954912850098301,1.0
64,1180,221,0.13846153846153847,0.04741206194856953,1.0
65,1411,224,0.23153846153846153,0.042838840489099576,1.0
66,1639,458,0.23846153846153847,0.03200541937229735,1.0
67,1137,152,0.14384615384615385,0.04942241821142808,1.0
68,471,5,0.1276923076923077,0.06301734375311312,1.0
69,960,921,0.15692307692307692,0.0474012491868994,1.0
70,1175,924,0.19,0.05776062991650551,1.0
71,440,820,0.18153846153846154,0.0492684615916932,1.0
72,1117,743,0.2076923076923077,0.04918702125515331,1.0
73,1634,288,0.23,0.03732866009338802,1.0
74,1714,681,0.19,0.05147336022851619,1.0
75,1817,727,0.15,0.026849003605485273,1.0
76,715,714,0.2246153846153846,0.054680633313640786,1.0
77,738,256,0.1646153846153846,0.03490941648707835,1.0
78,1349,173,0.25384615384615383,0.048818265720452905,1.0
79,475,235,0.21384615384615385,0.047747301422891186,1.0
80,939,452,0.15461538461538463,0.07025359475384202,1.0
81,1835,747,0.20153846153846153,0.051954748212557224,1.0
82,43,8,0.19384615384615383,0.07035386595130627,1.0
83,493,231,0.18307692307692308,0.05106033137790116,1.0
84,52,925,0.14307692307692307,0.026554103193368386,1.0
85,245,926,0.12846153846153846,0.06228180032472785,1.0
86,1807,463,0.18076923076923077,0.054601489792735054,1.0
87,1797,226,0.13538461538461538,0.05098599409847522,1.0
88,461,442,0.18,0.06399084646104086,1.0
89,237,206,0.24769230769230768,0.060675104412631437,1.0
90,948,433,0.21923076923076923,0.0491138364413538,1.0
91,504,415,0.21384615384615385,0.05295326590297847,1.0
92,1819,27,0.19384615384615383,0.05103191361897961,1.0
93,1702,48,0.13384615384615384,0.03131761346142213,1.0
94,582,121,0.1853846153846154,0.05784964817346497,1.0
95,502,368,0.14384615384615385,0.03937662575004414,1.0
96,214,635,0.18153846153846154,0.05904750644518743,1.0
97,723,300,0.2569230769230769,0.07290334006691515,1.0
98,432,855,0.19,0.05242174059611633,1.0
99,830,189,0.1476923076923077,0.04762976557843879,1.0
100,1406,161,0.31153846153846154,0.0643827575772859,1.0
101,1733,746,0.20461538461538462,0.05125630040204129,1.0
102,1844,476,0.18384615384615385,0.05393771131538371,1.0
103,1668,618,0.13923076923076924,0.049116222077418,1.0
104,1008,822,0.22923076923076924,0.04161574747988031,1.0
105,1089,893,0.2169230769230769,0.055548802827585064,1.0
106,1817,475,0.22076923076923077,0.06056821892558244,1.0
107,724,219,0.2246153846153846,0.0459349193162144,1.0
108,1657,280,0.16,0.03986814541810292,1.0
109,1628,205,0.23923076923076922,0.04147293848106562,1.0
110,680,340,0.19923076923076924,0.05881202855288708,1.0
111,942,425,0.23461538461538461,0.04226101120947577,1.0
112,1154,504,0.1276923076923077,0.03948491240883751,1.0
113,349,78,0.16846153846153847,0.06243698829659021,1.0
114,170,538,0.16230769230769232,0.05506621328790155,1.0
115,1493,23,0.22846153846153847,0.05162505537813847,1.0
116,1627,676,0.16384615384615384,0.03933516692208233,1.0
117,0,217,0.13,0.06642190910327198,1.0
118,717,913,0.15615384615384614,0.02849589615155957,1.0
119,901,714,0.18461538461538463,0.055823382287117536,1.0
120,998,167,0.22692307692307692,0.03724521319237951,1.0
121,486,492,0.19384615384615383,0.0318676535218068,1.0
122,944,208,0.20307692307692307,0.03887619196005381,1.0
123,645,189,0.2276923076923077,0.04723584343033877,1.0
124,113,875,0.14461538461538462,0.021425699176151485,1.0