0,1850,19,0.671,0.05359575024933864,1.0
1,6,670,0.6589375,0.03535946541575084,1.0
2,1658,415,0.685125,0.032874464420182534,1.0
3,1326,15,0.66021875,0.05688781876713788,1.0
4,262,244,0.744,0.03933346554710385,1.0
5,598,926,0.6498125,0.04331109310275321,1.0
6,1594,828,0.77534375,0.05159149206365774,1.0
7,835,347,0.56525,0.05783242550205771,1.0
8,300,847,0.68375,0.0625932585639451,1.0
9,773,264,0.78675,0.0619152784806077,1.0
10,286,236,0.6173125,0.05370013396268763,1.0
11,45,307,0.6323125,0.06797873167834988,1.0
12,1654,201,0.74453125,0.06483568758469392,1.0
13,256,494,0.734875,0.038338767425788095,1.0
14,341,520,0.77925,0.044711886009405837,1.0
15,264,191,0.74828125,0.041089700565719756,1.0
16,740,164,0.71184375,0.04983994313111187,1.0
17,509,146,0.744875,0.04603988680466121,1.0
18,660,655,0.5271875,0.06720804475891486,1.0
19,1404,542,0.67475,0.028084782132681643,1.0
20,311,177,0.64525,0.059639940452106535,1.0
21,1628,458,0.69446875,0.041593465967943936,1.0
22,1166,681,0.69790625,0.07902451004327382,1.0
23,1663,193,0.6130625,0.05886658917318417,1.0
24,1166,219,0.72171875,0.06244393848387941,1.0
25,914,0,0.5995625,0.06621396550092791,1.0
26,478,248,0.86790625,0.061042293870779724,1.0
27,1603,139,0.8160625,0.06000324994478244,1.0
28,952,817,0.61653125,0.03551955753980122,1.0
29,216,192,0.55621875,0.050677575129081866,1.0
30,756,164,0.621,0.027271156100467007,1.0
31,1396,455,0.68296875,0.05480098640926759,1.0
32,943,719,0.74234375,0.04855083374340396,1.0
33,731,707,0.63734375,0.039858315092257304,1.0
34,1785,243,0.71378125,0.05980162335540167,1.0
35,1370,683,0.7530625,0.04687165918936751,1.0
36,708,449,0.6023125,0.05555067096348405,1.0
37,10,0,0.61859375,0.04874032961707637,1.0
38,238,11,0.58946875,0.044430210425394884,1.0
39,701,697,0.4499375,0.05369435502199775,1.0
40,987,739,0.68878125,0.04021121748782209,1.0
41,449,1,0.83003125,0.05737466195752249,1.0
42,706,204,0.638125,0.04919849994517163,1.0
43,570,117,0.6733125,0.048231006571802015,1.0
44,1096,912,0.6098125,0.039512396930878775,1.0
45,871,366,0.58871875,0.04387584632916773,1.0
46,274,862,0.64796875,0.04283384866117475,1.0
47,450,902,0.69153125,0.06581139392675571,1.0
48,1594,11,0.62628125,0.04777828550633607,1.0
49,210,692,0.63659375,0.040394194432872996,1.0
50,1735,624,0.5845,0.04210172159964179,1.0
51,439,370,0.6596875,0.03490945679177847,1.0
52,1474,82,0.56075,0.058715310545396415,1.0
53,1163,570,0.75728125,0.038360626720783844,1.0
54,365,444,0.61184375,0.07240549748605124,1.0
55,1179,350,0.6495625,0.04443271434645756,1.0
56,447,663,0.5833125,0.055241551016968746,1.0
57,647,332,0.44109375,0.050209326230095115,1.0
58,194,303,0.49175,0.030702787476079033,1.0
59,900,23,0.66275,0.059449780367022774,1.0
60,1411,448,0.79953125,0.056748536335553136,1.0
61,1177,677,0.66603125,0.05238121471375143,1.0
62,957,226,0.5418125,0.04140120659681194,1.0
63,1190,458,0.827125,0.04947193810717973,1.0
64,1180,221,0.4858125,0.06452507838689413,1.0
65,1411,224,0.8201875,0.0617676785869489,1.0
66,1639,458,0.73253125,0.047541974445876184,1.0
67,1137,152,0.465125,0.04067970791499936,1.0
68,471,5,0.47640625,0.05461676754847601,1.0
69,960,921,0.586125,0.06324406361488819,1.0
70,1175,924,0.6993125,0.05674815985472512,1.0
71,440,820,0.6211875,0.0439228508614275,1.0
72,1117,743,0.66375,0.06530224266839982,1.0
73,1634,288,0.78671875,0.04960011468471921,1.0
74,1714,681,0.69984375,0.06092575553884996,1.0
75,1817,727,0.6094375,0.04552248653441832,1.0
76,715,714,0.720375,0.06727684828550466,1.0
77,738,256,0.63015625,0.04181819612210277,1.0
78,1349,173,0.8441875,0.037038250502556075,1.0
79,475,235,0.6945,0.04319288424022271,1.0
80,939,452,0.60740625,0.04782522455517265,1.0
81,1835,747,0.79859375,0.0532249651553862,1.0
82,43,8,0.6898125,0.061058487313976464,1.0
83,493,231,0.5916875,0.05362935142342753,1.0
84,52,925,0.5745,0.06793995836291108,1.0
85,245,926,0.517625,0.06001311285786284,1.0
86,1807,463,0.65934375,0.06301624917972641,1.0
87,1797,226,0.482625,0.04410082647503955,1.0
88,461,442,0.64403125,0.05260507185299319,1.0
89,237,206,0.79121875,0.05649442955557379,1.0
90,948,433,0.73,0.04978407797326893,1.0
91,504,415,0.76803125,0.050258693122096555,1.0
92,1819,27,0.5949375,0.04216236200090741,1.0
93,1702,48,0.50040625,0.05415011603253633,1.0
94,582,121,0.59359375,0.0498356822587333,1.0
95,502,368,0.56965625,0.0399420429660447,1.0
96,214,635,0.62121875,0.046529786681988816,1.0
97,723,300,0.78275,0.055981368268060744,1.0
98,432,855,0.68078125,0.05812631969658285,1.0
99,830,189,0.52446875,0.05247727368940766,1.0
100,1406,161,0.9804375,0.0384039707324603,1.0
101,1733,746,0.712125,0.04237838459863457,1.0
102,1844,476,0.68440625,0.0608257780669053,1.0
103,1668,618,0.471625,0.04717783034793526,1.0
104,1008,822,0.73325,0.06012165293411738,1.0
105,1089,893,0.71784375,0.044558822603132,1.0
106,1817,475,0.7459375,0.05131804582279326,1.0
107,724,219,0.7475,0.0574040526942524,1.0
108,1657,280,0.571,0.043411547300539796,1.0
109,1628,205,0.82403125,0.0421345738820464,1.0
110,680,340,0.70884375,0.05275219230783225,1.0
111,942,425,0.853625,0.05333701543920505,1.0
112,1154,504,0.4976875,0.05898920378494859,1.0
113,349,78,0.596,0.04889422926370787,1.0
114,170,538,0.646625,0.0614203694642305,1.0
115,1493,23,0.78396875,0.05434771746395185,1.0
116,1627,676,0.583125,0.025216410393673814,1.0
117,0,217,0.488875,0.05314379881585259,1.0
118,717,913,0.59884375,0.06500052105667477,1.0
119,901,714,0.64971875,0.05329721694567616,1.0
120,998,167,0.7514375,0.05868117836907459,1.0
121,486,492,0.65578125,0.06393597557921794,1.0
122,944,208,0.7033125,0.043401394663164686,1.0
123,645,189,0.69234375,0.04508135586086225,1.0
124,113,875,0.5044375,0.05130849356711757,1.0