0,1850,19,0.57925,0.05137846811444832,1.0
1,6,670,0.5985625,0.053343711137128345,1.0
2,1658,415,0.705625,0.05596494886832277,1.0
3,1326,15,0.56475,0.04318865890738817,1.0
4,262,244,0.68415625,0.04243275864495931,1.0
5,598,926,0.53371875,0.05961684194439173,1.0
6,1594,828,0.61465625,0.05834590748771754,1.0
7,835,347,0.668,0.04494268135337939,1.0
8,300,847,0.58396875,0.05895882363576613,1.0
9,773,264,0.63703125,0.045878313225622365,1.0
10,286,236,0.579625,0.051026960458443966,1.0
11,45,307,0.571125,0.05788102899789009,1.0
12,1654,201,0.76265625,0.05744991980158914,1.0
13,256,494,0.58425,0.03173928917183731,1.0
14,341,520,0.825875,0.03884642057414871,1.0
15,264,191,0.83096875,0.03646324686124063,1.0
16,740,164,0.64953125,0.04868037599572306,1.0
17,509,146,0.4675,0.06613524533475207,1.0
18,660,655,0.73865625,0.04341773064379955,1.0
19,1404,542,0.572375,0.052215373323745366,1.0
20,311,177,0.69328125,0.04485037784147783,1.0
21,1628,458,0.69746875,0.047023833483298035,1.0
22,1166,681,0.59875,0.04574507766819783,1.0
23,1663,193,0.77196875,0.04235803216817112,1.0
24,1166,219,0.62065625,0.05106959014315772,1.0
25,914,0,0.63159375,0.04395936408760665,1.0
26,478,248,0.60521875,0.06854367421586713,1.0
27,1603,139,0.68809375,0.04710848695405975,1.0
28,952,817,0.6790625,0.027317963314733656,1.0
29,216,192,0.700125,0.04172238555794282,1.0
30,756,164,0.7773125,0.04165309701672107,1.0
31,1396,455,0.70528125,0.03892790431481855,1.0
32,943,719,0.68546875,0.04343024599423711,1.0
33,731,707,0.63059375,0.04943694283419368,1.0
34,1785,243,0.43240625,0.048471461014458955,1.0
35,1370,683,0.5454375,0.06545740179269925,1.0
36,708,449,0.5691875,0.0486278025641716,1.0
37,10,0,0.43159375,0.07858709285657015,1.0
38,238,11,0.5865,0.05689419552097936,1.0
39,701,697,0.5451875,0.06557701206759092,1.0
40,987,739,0.48253125,0.060687577858680314,1.0
41,449,1,0.78734375,0.031815794660705464,1.0
42,706,204,0.77853125,0.03907595440755344,1.0
43,570,117,0.7496875,0.03799841136517872,1.0
44,1096,912,0.61090625,0.05628475662079811,1.0
45,871,366,0.5864375,0.06315482792176082,1.0
46,274,862,0.5933125,0.05298927796267421,1.0
47,450,902,0.7361875,0.03658651470321022,1.0
48,1594,11,0.46978125,0.060954692278246056,1.0
49,210,692,0.6463125,0.05049630454298743,1.0
50,1735,624,0.589125,0.06049069562642215,1.0
51,439,370,0.72125,0.038624792330505676,1.0
52,1474,82,0.75815625,0.03998987082315496,1.0
53,1163,570,0.64271875,0.044592035752086284,1.0
54,365,444,0.67103125,0.04508066150939198,1.0
55,1179,350,0.7258125,0.04004013311526706,1.0
56,447,663,0.56865625,0.058890109527919565,1.0
57,647,332,0.70646875,0.038164996032943516,1.0
58,194,303,0.58015625,0.059834815114095975,1.0
59,900,23,0.52428125,0.05391419917376519,1.0
60,1411,448,0.61921875,0.048042919201201864,1.0
61,1177,677,0.5263125,0.0532591074159046,1.0
62,957,226,0.85321875,0.03837783105497914,1.0
63,1190,458,0.57221875,0.046336702737429236,1.0
64,1180,221,0.57853125,0.05178608545013988,1.0
65,1411,224,0.768125,0.04466013793004088,1.0
66,1639,458,0.70375,0.040513700150167906,1.0
67,1137,152,0.6593125,0.040532203593467105,1.0
68,471,5,0.4843125,0.05649542102070116,1.0
69,960,921,0.7505,0.04091378638955451,1.0
70,1175,924,0.56215625,0.043782938703899064,1.0
71,440,820,0.7425,0.0347400938251908,1.0
72,1117,743,0.5500625,0.049950270185658945,1.0
73,1634,288,0.81725,0.041456576539310924,1.0
74,1714,681,0.7408125,0.05117040943277024,1.0
75,1817,727,0.71753125,0.04413753472296735,1.0
76,715,714,0.69403125,0.046266521815507715,1.0
77,738,256,0.81015625,0.03167033128291634,1.0
78,1349,173,0.755625,0.04426180572498146,1.0
79,475,235,0.6445,0.0518374036510942,1.0
80,939,452,0.57096875,0.05388253367714362,1.0
81,1835,747,0.615875,0.052746103685105857,1.0
82,43,8,0.77803125,0.03183179425464788,1.0
83,493,231,0.5795625,0.05980398833318918,1.0
84,52,925,0.56671875,0.04989062693143932,1.0
85,245,926,0.583875,0.04115479753049535,1.0
86,1807,463,0.75171875,0.05315133462464376,1.0
87,1797,226,0.72140625,0.06003914479483311,1.0
88,461,442,0.71653125,0.039104624217926064,1.0
89,237,206,0.67540625,0.051010738853002335,1.0
90,948,433,0.81840625,0.027234866374736048,1.0
91,504,415,0.55565625,0.0650341092060288,1.0
92,1819,27,0.6439375,0.05623112294958118,1.0
93,1702,48,0.681,0.059339242758936664,1.0
94,582,121,0.49515625,0.04900022875318295,1.0
95,502,368,0.516,0.05180482813658447,1.0
96,214,635,0.47159375,0.054158634890179705,1.0
97,723,300,0.6248125,0.0534847948305049,1.0
98,432,855,0.676,0.05217376483436763,1.0
99,830,189,0.74840625,0.06709974461449447,1.0
100,1406,161,0.70440625,0.04200786650551405,1.0
101,1733,746,0.53790625,0.04821065136147732,1.0
102,1844,476,0.68353125,0.06372425542491833,1.0
103,1668,618,0.7343125,0.0655887060351038,1.0
104,1008,822,0.61684375,0.051579505979490216,1.0
105,1089,893,0.625125,0.043788737485564645,1.0
106,1817,475,0.77928125,0.04543832458655748,1.0
107,724,219,0.52196875,0.07087737359228491,1.0
108,1657,280,0.7024375,0.0672123494682252,1.0
109,1628,205,0.72590625,0.06018682153417395,1.0
110,680,340,0.6776875,0.04603842828905348,1.0
111,942,425,0.81246875,0.03059175257699365,1.0
112,1154,504,0.5551875,0.04219734092227288,1.0
113,349,78,0.440375,0.05437137043995611,1.0
114,170,538,0.48990625,0.04452025519034023,1.0
115,1493,23,0.61734375,0.05369348526395627,1.0
116,1627,676,0.790625,0.050543575693866645,1.0
117,0,217,0.76971875,0.039474335847775224,1.0
118,717,913,0.6324375,0.04777060520551369,1.0
119,901,714,0.68259375,0.03478130717704257,1.0
120,998,167,0.76775,0.039905620851865706,1.0
121,486,492,0.67715625,0.04783843208665803,1.0
122,944,208,0.633,0.05707078872214974,1.0
123,645,189,0.69753125,0.04350157140721788,1.0
124,113,875,0.55884375,0.05423212400617352,1.0