0,1850,19,0.09846153846153846,0.17373944778548417,1.0
1,6,670,0.09769230769230769,0.07464167805727685,1.0
2,1658,415,0.09307692307692307,0.114250989978409,1.0
3,1326,15,0.08538461538461538,0.02002393001728349,1.0
4,262,244,0.08461538461538462,0.20534376467134896,1.0
5,598,926,0.10923076923076923,0.08398192084748936,1.0
6,1594,828,0.13846153846153847,0.09692609257236848,1.0
7,835,347,0.11076923076923077,0.09835522271265633,1.0
8,300,847,0.09923076923076923,0.09637894599595066,1.0
9,773,264,0.11153846153846154,0.20002278227109466,1.0
10,286,236,0.10923076923076923,0.13179449671166188,1.0
11,45,307,0.1123076923076923,0.08681301115914432,1.0
12,1654,201,0.08,0.06568709678811965,1.0
13,256,494,0.09230769230769231,0.07847229450414654,1.0
14,341,520,0.09153846153846154,0.13187173983940864,1.0
15,264,191,0.10461538461538461,0.06872282334328526,1.0
16,740,164,0.09461538461538462,0.12990922483777467,1.0
17,509,146,0.08538461538461538,0.08816961748796298,1.0
18,660,655,0.10461538461538461,0.00909626954626655,1.0
19,1404,542,0.11384615384615385,0.11827903557181224,1.0
20,311,177,0.10076923076923076,0.11106362063662734,1.0
21,1628,458,0.07,0.04761823312517175,1.0
22,1166,681,0.08307692307692308,0.14158697888670832,1.0
23,1663,193,0.07307692307692308,0.0674844752838135,1.0
24,1166,219,0.09769230769230769,0.08477901326564848,1.0
25,914,0,0.0876923076923077,-1.2594461016002256E-4,1.0
26,478,248,0.1376923076923077,0.17013414289038137,1.0
27,1603,139,0.07538461538461538,0.11842691560834147,1.0
28,952,817,0.07846153846153846,0.11958878682398402,1.0
29,216,192,0.07384615384615385,0.1792302069511301,1.0
30,756,164,0.07692307692307693,0.0746087191867044,1.0
31,1396,455,0.09538461538461539,0.17551354608043446,1.0
32,943,719,0.10692307692307693,0.029729525843060156,1.0
33,731,707,0.09384615384615384,0.0010865129569784249,1.0
34,1785,243,0.10076923076923076,0.03721405533881621,1.0
35,1370,683,0.06,0.0013408800219293499,1.0
36,708,449,0.09769230769230769,0.09924738201656803,1.0
37,10,0,0.09384615384615384,0.1146090599005464,1.0
38,238,11,0.08923076923076922,0.13265416063460814,1.0
39,701,697,0.11153846153846154,0.06861106502427675,1.0
40,987,739,0.09384615384615384,0.12080220584097993,1.0
41,449,1,0.1,0.11825670061290565,1.0
42,706,204,0.10230769230769231,0.10529637850734992,1.0
43,570,117,0.09153846153846154,0.10645947668644647,1.0
44,1096,912,0.09,0.09422731007272152,1.0
45,871,366,0.11,0.03302533785401203,1.0
46,274,862,0.09,0.09432691735255579,1.0
47,450,902,0.09153846153846154,0.10781024366872405,1.0
48,1594,11,0.1,0.07352216692808877,1.0
49,210,692,0.08846153846153847,0.11451876780762024,1.0
50,1735,624,0.07307692307692308,0.07232202661037913,1.0
51,439,370,0.10615384615384615,0.031265459235553045,1.0
52,1474,82,0.09230769230769231,0.12735174109611958,1.0
53,1163,570,0.08692307692307692,0.12604610060526683,1.0
54,365,444,0.06846153846153846,0.19241476729961632,1.0
55,1179,350,0.09769230769230769,0.10786109814345336,1.0
56,447,663,0.10846153846153846,0.1000648596959138,1.0
57,647,332,0.09,0.044350498069789336,1.0
58,194,303,0.07,0.0514983973786773,1.0
59,900,23,0.11615384615384615,0.12420423644848706,1.0
60,1411,448,0.11153846153846154,0.04114142049354952,1.0
61,1177,677,0.07307692307692308,0.0987029014505006,1.0
62,957,226,0.06769230769230769,0.1558912281195769,1.0
63,1190,458,0.12153846153846154,0.05689584943953821,1.0
64,1180,221,0.07461538461538461,0.033790104456875164,1.0
65,1411,224,0.09,0.11666762553205115,1.0
66,1639,458,0.07307692307692308,-0.022773550824372935,1.0
67,1137,152,0.10384615384615385,0.027361003669612124,1.0
68,471,5,0.1123076923076923,0.11199058825773252,1.0
69,960,921,0.13307692307692306,0.06608405187308919,1.0
70,1175,924,0.08538461538461538,0.13896856369467195,1.0
71,440,820,0.12846153846153846,0.049865467430432166,1.0
72,1117,743,0.07923076923076923,0.18904309301585814,1.0
73,1634,288,0.09769230769230769,0.12228472526387899,1.0
74,1714,681,0.07769230769230769,0.028515990929062984,1.0
75,1817,727,0.07,0.15027618292243586,1.0
76,715,714,0.08846153846153847,0.11961831899828962,1.0
77,738,256,0.07692307692307693,0.17143191937226282,1.0
78,1349,173,0.12538461538461537,0.11223293953738579,1.0
79,475,235,0.08615384615384615,0.12122707373092495,1.0
80,939,452,0.09,0.1444504934357791,1.0
81,1835,747,0.09230769230769231,0.04064508250910975,1.0
82,43,8,0.13230769230769232,0.17294886300174095,1.0
83,493,231,0.07923076923076923,0.13013233030991272,1.0
84,52,925,0.07538461538461538,0.04068180192680827,1.0
85,245,926,0.09076923076923077,0.09968028977216678,1.0
86,1807,463,0.12384615384615384,0.06546415230594113,1.0
87,1797,226,0.12615384615384614,0.12847939762228952,1.0
88,461,442,0.07,-0.004141246232548551,1.0
89,237,206,0.0823076923076923,0.12886229285567496,1.0
90,948,433,0.08307692307692308,0.06681945551851862,1.0
91,504,415,0.09923076923076923,0.12458780064484212,1.0
92,1819,27,0.09076923076923077,0.025799488818480862,1.0
93,1702,48,0.07923076923076923,0.12362725141409382,1.0
94,582,121,0.08461538461538462,0.1665625450078971,1.0
95,502,368,0.10615384615384615,0.1317920934884478,1.0
96,214,635,0.06923076923076923,0.1091315705927925,1.0
97,723,300,0.11923076923076924,0.22708469524946404,1.0
98,432,855,0.09384615384615384,0.16792026905921442,1.0
99,830,189,0.10076923076923076,0.15064772914788993,1.0
100,1406,161,0.11076923076923077,0.1034370890583763,1.0
101,1733,746,0.12,0.08932622655013331,1.0
102,1844,476,0.11923076923076924,0.13929113355326633,1.0
103,1668,618,0.10461538461538461,0.1377194331009364,1.0
104,1008,822,0.10076923076923076,0.11878703905918572,1.0
105,1089,893,0.08692307692307692,0.13970053436948432,1.0
106,1817,475,0.07615384615384616,0.11177153178225577,1.0
107,724,219,0.1,-8.032741439964186E-4,1.0
108,1657,280,0.08461538461538462,0.19831254128070736,1.0
109,1628,205,0.0876923076923077,0.22346262122260152,1.0
110,680,340,0.10153846153846154,0.09419683997315302,1.0
111,942,425,0.08461538461538462,0.09807577213459304,1.0
112,1154,504,0.0876923076923077,-0.04805659981379523,1.0
113,349,78,0.07538461538461538,0.09841268917022873,1.0
114,170,538,0.13384615384615384,-0.020187843618813317,1.0
115,1493,23,0.10230769230769231,0.12019751429965554,1.0
116,1627,676,0.10153846153846154,0.11812285054713999,1.0
117,0,217,0.08384615384615385,0.14247114421574622,1.0
118,717,913,0.08615384615384615,0.062218849497669676,1.0
119,901,714,0.09923076923076923,0.11271861952131929,1.0
120,998,167,0.12076923076923077,0.11984653524730335,1.0
121,486,492,0.13076923076923078,0.023733210139823532,1.0
122,944,208,0.08615384615384615,0.07891518266342262,1.0
123,645,189,0.08461538461538462,0.17227599354774975,1.0
124,113,875,0.0876923076923077,0.17561467598260358,1.0