0,1850,19,0.06923076923076923,0.05001876047699285,1.0
1,6,670,0.09769230769230769,0.0555756389728295,1.0
2,1658,415,0.08,0.04800772445053989,1.0
3,1326,15,0.08153846153846153,0.055962706572396756,1.0
4,262,244,0.08076923076923077,0.044275363918595476,1.0
5,598,926,0.07153846153846154,0.046394174756225544,1.0
6,1594,828,0.08,0.03233827226930215,1.0
7,835,347,0.06384615384615384,0.030276696382197644,1.0
8,300,847,0.12,0.05960758623604156,1.0
9,773,264,0.07923076923076923,0.02551128938822069,1.0
10,286,236,0.07923076923076923,0.030465728022656968,1.0
11,45,307,0.08615384615384615,0.040887808786026915,1.0
12,1654,201,0.09307692307692307,0.05257705004758862,1.0
13,256,494,0.06769230769230769,0.05407387600176819,1.0
14,341,520,0.07307692307692308,0.049257569661769314,1.0
15,264,191,0.07153846153846154,0.05191622038363892,1.0
16,740,164,0.08384615384615385,0.06693120666795878,1.0
17,509,146,0.07615384615384616,0.0563960250411688,1.0
18,660,655,0.07615384615384616,0.054200095925157316,1.0
19,1404,542,0.07846153846153846,0.049548704960683795,1.0
20,311,177,0.08076923076923077,0.03233509067421515,1.0
21,1628,458,0.07923076923076923,0.047030539015196805,1.0
22,1166,681,0.09307692307692307,0.059736909836056715,1.0
23,1663,193,0.06923076923076923,0.04268839434531639,1.0
24,1166,219,0.06923076923076923,0.039603313077840104,1.0
25,914,0,0.08,0.05228178059723789,1.0
26,478,248,0.09,0.04118348300428018,1.0
27,1603,139,0.08,0.056210277013721686,1.0
28,952,817,0.07692307692307693,0.039952900472202985,1.0
29,216,192,0.08461538461538462,0.052761886297215725,1.0
30,756,164,0.08,0.04434219901619147,1.0
31,1396,455,0.07538461538461538,0.05560521821883314,1.0
32,943,719,0.0823076923076923,0.05412802582486671,1.0
33,731,707,0.07846153846153846,0.04597297912692397,1.0
34,1785,243,0.07615384615384616,0.05921342620565562,1.0
35,1370,683,0.09923076923076923,0.06210178225392046,1.0
36,708,449,0.07846153846153846,0.051301005461092106,1.0
37,10,0,0.06384615384615384,0.05737638119869864,1.0
38,238,11,0.11,0.04806297992763962,1.0
39,701,697,0.07,0.050506771408226875,1.0
40,987,739,0.08923076923076922,0.06151330597881313,1.0
41,449,1,0.08076923076923077,0.05592341918313198,1.0
42,706,204,0.0876923076923077,0.07367081006388487,1.0
43,570,117,0.08076923076923077,0.05745732033085289,1.0
44,1096,912,0.07846153846153846,0.06656868929498583,1.0
45,871,366,0.06384615384615384,0.03983198026206995,1.0
46,274,862,0.06846153846153846,0.058936543870205346,1.0
47,450,902,0.07538461538461538,0.05776368123120817,1.0
48,1594,11,0.08538461538461538,0.04570348668065782,1.0
49,210,692,0.09307692307692307,0.06669053934591034,1.0
50,1735,624,0.07923076923076923,0.05070836611567898,1.0
51,439,370,0.08307692307692308,0.04123638451277416,1.0
52,1474,82,0.08692307692307692,0.04558715307739769,1.0
53,1163,570,0.08076923076923077,0.041293974982751516,1.0
54,365,444,0.09230769230769231,0.07168099581288627,1.0
55,1179,350,0.06692307692307692,0.043067503192682724,1.0
56,447,663,0.07461538461538461,0.06591510165344852,1.0
57,647,332,0.08307692307692308,0.05511853934764818,1.0
58,194,303,0.05846153846153846,0.0375845489298716,1.0
59,900,23,0.09153846153846154,0.049742365558544506,1.0
60,1411,448,0.08384615384615385,0.04703390816465284,1.0
61,1177,677,0.0823076923076923,0.04166968273854372,1.0
62,957,226,0.07769230769230769,0.04045646529561014,1.0
63,1190,458,0.09153846153846154,0.041996052470862674,1.0
64,1180,221,0.08076923076923077,0.05773587452957268,1.0
65,1411,224,0.08307692307692308,0.05444778386631875,1.0
66,1639,458,0.07153846153846154,0.051981387338338535,1.0
67,1137,152,0.07923076923076923,0.05033459068408062,1.0
68,471,5,0.07769230769230769,0.06369100369380458,1.0
69,960,921,0.07307692307692308,0.05139144004311325,1.0
70,1175,924,0.07384615384615385,0.0534724960876871,1.0
71,440,820,0.08846153846153847,0.053983443473649584,1.0
72,1117,743,0.07846153846153846,0.029980011041109474,1.0
73,1634,288,0.08076923076923077,0.0398148099940414,1.0
74,1714,681,0.1,0.06786383989605098,1.0
75,1817,727,0.07461538461538461,0.05723553327194767,1.0
76,715,714,0.07769230769230769,0.05638444188559785,1.0
77,738,256,0.10384615384615385,0.042596665118901804,1.0
78,1349,173,0.07615384615384616,0.04697814144898396,1.0
79,475,235,0.057692307692307696,0.055776360247044354,1.0
80,939,452,0.05846153846153846,0.06979475893863712,1.0
81,1835,747,0.07615384615384616,0.05214580391531559,1.0
82,43,8,0.10615384615384615,0.058785207295344415,1.0
83,493,231,0.08461538461538462,0.04029649841107162,1.0
84,52,925,0.08846153846153847,0.04771394630792265,1.0
85,245,926,0.08923076923076922,0.04115809697135561,1.0
86,1807,463,0.07307692307692308,0.05196841041980506,1.0
87,1797,226,0.13846153846153847,0.0372884299366296,1.0
88,461,442,0.07923076923076923,0.040262072674175135,1.0
89,237,206,0.08538461538461538,0.0619545856414241,1.0
90,948,433,0.08076923076923077,0.07069137247399478,1.0
91,504,415,0.08538461538461538,0.039397425601538756,1.0
92,1819,27,0.06692307692307692,0.06873892517660188,1.0
93,1702,48,0.09538461538461539,0.05331045427000232,1.0
94,582,121,0.08538461538461538,0.05120254708818389,1.0
95,502,368,0.09769230769230769,0.06033398323131318,1.0
96,214,635,0.0823076923076923,0.06571382469259296,1.0
97,723,300,0.08153846153846153,0.05345739487653145,1.0
98,432,855,0.06153846153846154,0.051835355040233205,1.0
99,830,189,0.08076923076923077,0.05746071903412066,1.0
100,1406,161,0.08153846153846153,0.04797932340050737,1.0
101,1733,746,0.08153846153846153,0.053008179470780285,1.0
102,1844,476,0.07846153846153846,0.045844022142665836,1.0
103,1668,618,0.07230769230769231,0.046328837446349885,1.0
104,1008,822,0.10461538461538461,0.05958139164619343,1.0
105,1089,893,0.09461538461538462,0.06938960264482219,1.0
106,1817,475,0.07230769230769231,0.054462081136975524,1.0
107,724,219,0.08307692307692308,0.0585666221622403,1.0
108,1657,280,0.10538461538461538,0.0446883702133472,1.0
109,1628,205,0.10538461538461538,0.05275379164727617,1.0
110,680,340,0.07769230769230769,0.05598364865939729,1.0
111,942,425,0.07692307692307693,0.053630678327137256,1.0
112,1154,504,0.08076923076923077,0.0399464043478364,1.0
113,349,78,0.09,0.0633818329954507,1.0
114,170,538,0.07307692307692308,0.06272276273866582,1.0
115,1493,23,0.07,0.05146667378515614,1.0
116,1627,676,0.07076923076923076,0.051343094394597076,1.0
117,0,217,0.0876923076923077,0.06656422306573262,1.0
118,717,913,0.09230769230769231,0.07576305067085981,1.0
119,901,714,0.06846153846153846,0.05993334097741196,1.0
120,998,167,0.08615384615384615,0.06251960884569607,1.0
121,486,492,0.07,0.04842928191454016,1.0
122,944,208,0.07230769230769231,0.060064315755564764,1.0
123,645,189,0.057692307692307696,0.05295832796550699,1.0
124,113,875,0.06769230769230769,0.045937485064485105,1.0