0,1850,19,0.0,0.11467552091132299,1.0
1,6,670,0.1089375,0.12120131605804046,1.0
2,1658,415,0.45571875,0.035309280073227534,1.0
3,1326,15,0.18496875,0.14289071180127594,1.0
4,262,244,0.386,0.09713404555913716,1.0
5,598,926,0.33225,0.08668561079176994,1.0
6,1594,828,0.40375,0.04871021856177732,1.0
7,835,347,0.21475,0.1880060497120268,1.0
8,300,847,0.20578125,0.09178553933762812,1.0
9,773,264,0.34065625,0.06752219582499702,1.0
10,286,236,0.25634375,0.10971395572871653,1.0
11,45,307,0.2556875,0.17778297608307989,1.0
12,1654,201,0.43803125,0.18974541734653066,1.0
13,256,494,0.3466875,0.11832296796693453,1.0
14,341,520,0.38153125,0.20923623706729952,1.0
15,264,191,0.2790625,0.18682444029071718,1.0
16,740,164,0.3771875,0.11284393105408969,1.0
17,509,146,0.58925,0.08854963081971023,1.0
18,660,655,0.3489375,0.1264695772059454,1.0
19,1404,542,0.3031875,0.16493546815735616,1.0
20,311,177,0.11440625,0.15979781782345467,1.0
21,1628,458,0.6056875,0.12052641253390624,1.0
22,1166,681,0.64934375,0.06593956896785536,1.0
23,1663,193,0.57528125,0.06040402840320329,1.0
24,1166,219,0.25678125,0.12095708769466323,1.0
25,914,0,0.057875,0.14584916684377383,1.0
26,478,248,0.46009375,0.1043785262213767,1.0
27,1603,139,0.4026875,0.15866267648828872,1.0
28,952,817,0.09034375,0.17362743624094645,1.0
29,216,192,0.4913125,0.09741468599850467,1.0
30,756,164,0.2275625,0.12943874926521684,1.0
31,1396,455,0.386625,0.01725481349064442,1.0
32,943,719,0.1820625,0.15162446829700008,1.0
33,731,707,0.42596875,0.06972118396954573,1.0
34,1785,243,0.3935625,-0.0031966024117209696,1.0
35,1370,683,0.10121875,0.1650482880194601,1.0
36,708,449,0.52859375,0.1123695508790746,1.0
37,10,0,0.0,0.12573071092387628,1.0
38,238,11,0.54690625,0.10684661094365726,1.0
39,701,697,0.33303125,0.08439496250761959,1.0
40,987,739,0.670625,0.009738112404545668,1.0
41,449,1,0.0,0.13974519663830742,1.0
42,706,204,0.50890625,0.08203039826425176,1.0
43,570,117,0.21171875,0.1375272575840516,1.0
44,1096,912,0.1758125,0.13476799341198792,1.0
45,871,366,0.37128125,0.16581872566054157,1.0
46,274,862,0.6350625,0.04423531449814192,1.0
47,450,902,0.0,0.0939137679876993,1.0
48,1594,11,0.2593125,0.11769215098505746,1.0
49,210,692,0.4935625,0.08453095354152473,1.0
50,1735,624,0.288,0.12418523044046377,1.0
51,439,370,0.39603125,0.11437189545857948,1.0
52,1474,82,0.45228125,0.02383933945584006,1.0
53,1163,570,0.36346875,0.12360910394300706,1.0
54,365,444,0.03790625,0.1660897979116751,1.0
55,1179,350,0.41003125,0.16979516768352126,1.0
56,447,663,0.43125,0.13381089356537548,1.0
57,647,332,0.37253125,0.13862895746646137,1.0
58,194,303,0.559875,0.06125882467691352,1.0
59,900,23,0.34125,0.1861716879150549,1.0
60,1411,448,0.4573125,0.11414005624848529,1.0
61,1177,677,0.34171875,0.10332430161273778,1.0
62,957,226,0.48078125,0.009716322504296174,1.0
63,1190,458,0.14640625,0.08094637615956615,1.0
64,1180,221,0.4518125,0.148112290735948,1.0
65,1411,224,0.53653125,0.08926639178182737,1.0
66,1639,458,0.0,0.14030783497281007,1.0
67,1137,152,0.08115625,0.13528704530755392,1.0
68,471,5,0.091625,0.09712975641081938,1.0
69,960,921,0.2636875,0.1526947787224578,1.0
70,1175,924,0.451125,0.06668803998697809,1.0
71,440,820,0.2299375,0.056831750994906206,1.0
72,1117,743,0.19728125,0.10261365249843124,1.0
73,1634,288,0.47603125,0.14682993524055638,1.0
74,1714,681,0.3500625,0.14621694373020522,1.0
75,1817,727,0.23625,0.17134926848620557,1.0
76,715,714,0.14584375,0.08404842326454934,1.0
77,738,256,0.6551875,0.1101113954312729,1.0
78,1349,173,0.39653125,0.11691274907836552,1.0
79,475,235,0.44903125,0.14359196652588863,1.0
80,939,452,0.34925,0.12521199329835614,1.0
81,1835,747,0.37475,0.12390103587846432,1.0
82,43,8,0.1319375,0.14221758604440665,1.0
83,493,231,0.2395,0.14182955832776795,1.0
84,52,925,0.461875,0.00999747044353115,1.0
85,245,926,0.089125,0.10776701616278493,1.0
86,1807,463,0.13521875,0.12857510714764284,1.0
87,1797,226,0.3625625,0.14777153978237675,1.0
88,461,442,0.3661875,0.11360117883023055,1.0
89,237,206,0.5375625,-0.013073745437474305,1.0
90,948,433,0.3479375,0.09442283887983899,1.0
91,504,415,0.36225,-0.012052612580455091,1.0
92,1819,27,0.184,0.18174535308648868,1.0
93,1702,48,0.4568125,0.04247001575832021,1.0
94,582,121,0.92603125,0.06366770775702091,1.0
95,502,368,0.20471875,0.058404576186002984,1.0
96,214,635,0.37025,0.1897239660425775,1.0
97,723,300,0.353625,0.12591777459198597,1.0
98,432,855,0.65696875,0.0669664262715357,1.0
99,830,189,0.18803125,0.1782744758303983,1.0
100,1406,161,0.40046875,0.2598877960175657,1.0
101,1733,746,0.04609375,0.07715094620244875,1.0
102,1844,476,0.61846875,0.01804130799987208,1.0
103,1668,618,0.24646875,0.10798215375230824,1.0
104,1008,822,0.33984375,0.05830653345766929,1.0
105,1089,893,0.0,0.06426513093666744,1.0
106,1817,475,0.34975,0.11408322574124544,1.0
107,724,219,0.11775,0.11982912324054532,1.0
108,1657,280,0.1924375,0.14669147958377377,1.0
109,1628,205,0.09921875,0.0981958236781121,1.0
110,680,340,0.20475,0.12521505623478094,1.0
111,942,425,0.13384375,0.09262951172596878,1.0
112,1154,504,0.44409375,0.0189296498800319,1.0
113,349,78,0.31821875,0.09617617897268912,1.0
114,170,538,0.43790625,0.13534287749203144,1.0
115,1493,23,0.137125,0.07392512370527327,1.0
116,1627,676,0.23875,0.12399792908327704,1.0
117,0,217,0.1800625,0.18321119183418655,1.0
118,717,913,0.1775625,0.10209620666250821,1.0
119,901,714,0.25846875,0.18179077089955797,1.0
120,998,167,0.18925,0.1291508095572027,1.0
121,486,492,0.38334375,0.06762367218664989,1.0
122,944,208,0.502,0.04674395217281942,1.0
123,645,189,0.30715625,0.04546262174234761,1.0
124,113,875,0.035,0.11248785432246639,1.0